1.45384
0.0993015
0.367845
3.46508
2.87887
1.86876
4.4043
1.74886
2.54053
5.38892
2.65003
7.27532
2.2592
3.52344
2.39191
2.5838
1.37758
5.84422
1.40117
9.25018
8.49951
4.8497
1.09882
0.830707
3.0475
6.40114
2.79961
2.99714
1.22219
3.58699
3.16395
2.94215
8.07087
3.68758
3.48803
6.60103
2.78283
1.76126
3.44463
5.76453
2.21227
2.37876
2.0485
9.42221
1.04589
5.00327
1.46931
1.37637
2.4382
7.50611
2.30234
2.67481
5.47807
8.04549
3.51787
1.32134
3.7573
2.96537
14.6463
5.8564
0.301964
1.34554
7.37642
6.25888
11.8557
2.2019
4.20051
0.306421
2.9505
7.48996
9.25444
2.41328
4.01261
4.48848
0.796183
3.95655
1.61961
0.846268
2.20959
1.61636
4.03341
2.69196
3.30554
2.21979
2.87823
2.78784
2.21148
0.694633
11.5153
2.05529
