13.1538	13.1538
45.865	45.865
21.8959	21.8959
67.8865	67.8865
93.4693	93.4693
51.9416	51.9416
3.45721	3.45721
52.97	52.97
0.769819	0.769819
6.68422	6.68422
68.6773	68.6773
93.0436	93.0436
52.6929	52.6929
65.3919	65.3919
70.1191	70.1191
76.2198	76.2198
4.74645	4.74645
32.8234	32.8234
75.641	75.641
36.5339	36.5339
98.255	98.255
75.3356	75.3356
7.26859	7.26859
88.4707	88.4707
43.6411	43.6411
47.7732	47.7732
27.4907	27.4907
16.6507	16.6507
89.7656	89.7656
6.05643	6.05643
50.4523	50.4523
31.9033	31.9033
49.3977	49.3977
9.07329	9.07329
7.37491	7.37491
38.4142	38.4142
91.3817	91.3817
46.4446	46.4446
5.0084	5.0084
77.0205	77.0205
12.5365	12.5365
68.8455	68.8455
62.9543	62.9543
72.5412	72.5412
88.8572	88.8572
30.6322	30.6322
51.3274	51.3274
84.5982	84.5982
84.1511	84.1511
41.5395	41.5395
46.7917	46.7917
17.8328	17.8328
57.1655	57.1655
3.30538	3.30538
49.848	49.848
74.8293	74.8293
89.0737	89.0737
84.204	84.204
21.2752	21.2752
13.0427	13.0427
27.4588	27.4588
41.4293	41.4293
70.982	70.982
23.9911	23.9911
31.754	31.754
65.2059	65.2059
68.1346	68.1346
38.7725	38.7725
14.7533	14.7533
84.5576	84.5576
95.5409	95.5409
14.8152	14.8152
40.8767	40.8767
56.4899	56.4899
48.8515	48.8515
96.1095	96.1095
19.9757	19.9757
62.9269	62.9269
65.1254	65.1254
80.3073	80.3073
47.6432	47.6432
20.325	20.325
90.1673	90.1673
14.2021	14.2021
41.0313	41.0313
88.5648	88.5648
16.2199	16.2199
36.5339	36.5339
13.5109	13.5109
45.5307	45.5307
45.23	45.23
93.1674	93.1674
21.5248	21.5248
90.8922	90.8922
86.086	86.086
50.5956	50.5956
81.7561	81.7561
46.2245	46.2245
63.2739	63.2739
82.4697	82.4697
