3.02823
1.24097
3.41997
5.65005
4.67589
3.87885
6.72542
5.79282
1.85528
7.9815
1.45384
0.0993015
0.367845
3.46508
2.87887
1.86876
4.4043
1.74886
2.54053
5.38892
2.65003
7.27532
2.2592
3.52344
2.39191
2.5838
1.37758
5.84422
1.40117
9.25018
8.49951
4.8497
1.09882
0.830707
3.0475
6.40114
2.79961
2.99714
1.22219
3.58699
3.16395
2.94215
8.07087
3.68758
3.48803
6.60103
2.78283
1.76126
3.44463
5.76453
2.21227
2.37876
2.0485
9.42221
1.04589
5.00327
1.46931
1.37637
2.4382
7.50611
2.30234
2.67481
5.47807
8.04549
3.51787
1.32134
3.7573
2.96537
14.6463
5.8564
0.301964
1.34554
7.37642
6.25888
11.8557
2.2019
4.20051
0.306421
2.9505
7.48996
9.25444
2.41328
4.01261
4.48848
0.796183
3.95655
1.61961
0.846268
2.20959
1.61636
4.03341
2.69196
3.30554
2.21979
2.87823
2.78784
2.21148
0.694633
11.5153
2.05529
2.69696
1.02768
1.7397
5.90745
3.03478
3.45545
0.971233
1.95685
4.48879
3.7238
3.07937
3.46462
1.79668
4.91025
2.68207
1.6437
5.85086
6.77372
0.693901
2.67681
3.72032
0.77369
1.71888
0.252481
1.30335
4.9558
0.643749
7.21061
7.14891
0.81428
0.748819
3.61155
1.79961
0.858497
3.55189
2.35459
4.56281
3.11065
5.10733
3.85186
1.81742
2.67294
7.48749
6.86506
2.44872
2.22462
3.03065
3.53097
4.33735
7.30587
6.85164
14.7656
5.80627
10.7363
3.39533
2.18898
12.5297
6.64915
3.01265
11.1754
4.0141
0.522253
4.22049
2.81079
4.39267
1.84173
7.58187
1.77073
8.43868
3.23716
1.08931
0.442837
0.523217
3.81396
3.65155
5.33832
2.4877
3.83269
10.2519
1.60411
3.24936
6.48241
3.22374
1.64511
1.25917
8.47622
3.13416
2.92161
1.72911
4.2631
0.945489
4.19154
2.30328
7.23179
2.10218
7.31105
1.04771
7.12613
0.567418
3.65564
1.09404
2.96927
1.36923
1.13181
1.90816
2.85409
1.44653
0.903456
6.76134
4.08382
3.61332
0.871372
7.60933
8.27514
0.585946
2.32233
4.59055
0.361603
0.80356
4.99531
8.93841
6.98249
2.19637
11.3147
2.24662
3.80615
3.89886
6.14617
0.891423
2.60842
5.00348
3.26144
3.55437
4.88135
1.30541
3.36904
6.51657
4.51371
5.15007
9.59435
5.66467
4.26605
1.88015
6.24789
1.8738
4.81351
2.97556
4.06317
5.33972
2.88166
5.07066
2.00596
1.12419
9.14023
7.2504
2.47058
6.32453
0.442853
1.61462
4.93128
8.09195
2.69155
9.53486
2.4238
2.17479
4.7938
0.81094
3.39463
5.69454
8.85591
7.85364
1.34025
3.76748
2.62193
5.99896
10.7429
2.22418
9.02077
0.0631496
1.65505
9.82815
1.94076
0.696906
0.370512
3.1153
1.18863
2.08222
14.5007
4.20553
15.634
6.10922
7.45546
1.63255
8.89754
8.93521
2.65411
1.06855
2.93563
1.64678
1.82011
3.46742
7.41753
3.7875
2.20888
1.69698
3.25451
3.5
5.71708
7.24953
4.87744
1.3576
3.03491
1.5342
3.73441
1.42423
3.65801
6.61214
9.39216
4.19457
2.62406
4.68169
1.51859
3.48398
5.54529
7.77975
2.59266
1.1519
1.10858
0.911484
0.608162
3.18034
1.59267
1.65338
6.25039
3.67872
8.29838
1.83228
2.88734
4.39422
5.08336
1.85973
4.47639
1.01664
5.30037
4.32674
5.97571
7.01169
2.85554
5.83362
1.55041
1.69446
6.69789
4.90085
2.1544
8.67728
1.42985
1.26047
3.15589
4.37844
0.806563
0.709421
0.633961
4.69087
4.90984
1.20943
0.762326
3.24184
4.27369
3.22553
1.58532
3.33247
2.19888
1.90211
6.17068
17.6314
3.69368
5.91735
2.16004
6.19656
4.0034
2.08535
4.22534
2.7079
7.07448
3.46734
4.93787
6.39121
1.8013
0.123395
0.122034
1.44935
11.0446
5.51078
1.84229
1.65759
2.99367
3.96677
7.78177
3.396
8.31609
2.14786
1.54444
6.35894
7.11995
2.36931
2.1982
9.00284
4.91139
2.22398
2.00398
1.20204
5.68489
1.81312
3.77738
4.91245
2.30444
4.46919
7.00348
1.53019
2.85708
5.57869
12.4876
2.44282
5.55716
4.46057
1.47993
5.78656
0.261239
2.87091
7.43781
4.26261
2.25487
1.58836
1.61958
4.7135
1.05973
2.96168
11.3347
9.60018
14.9967
1.75359
1.15111
2.59272
6.48455
2.24031
1.12492
5.07702
3.83585
2.7902
10.4637
4.57743
1.12391
2.32267
0.942205
3.23005
7.79711
1.13332
2.18617
2.65155
3.38766
3.13183
5.09683
5.78302
6.3378
4.12181
2.1285
3.82578
1.89861
2.23297
2.06029
1.85436
4.96596
3.90008
2.06772
1.75038
2.7231
4.17702
0.950452
3.82734
8.15587
1.31503
0.438439
6.25239
4.85391
3.85833
2.36266
2.91657
6.07125
2.26168
2.31812
4.98052
2.08681
5.86898
7.61823
2.54696
0.589641
14.9952
4.51411
3.71223
2.86582
5.20466
2.90669
2.00033
4.33829
1.48001
1.47614
3.23674
2.78415
1.2871
2.4201
2.49829
5.26012
2.75351
4.41731
8.02571
1.16918
9.18212
1.29181
6.22725
1.47439
1.77726
4.94616
6.38033
2.19564
3.99147
2.48885
6.55187
1.87609
2.07622
1.41578
2.14767
4.92609
3.81126
2.46271
1.56851
4.73957
4.35141
2.21104
13.4293
3.69336
1.60183
6.46286
5.97942
3.25381
2.32451
2.40963
4.54885
0.655314
1.38577
7.6001
0.44102
4.29985
6.39232
10.4175
2.01948
3.46499
7.07875
4.78263
5.94908
7.41585
2.90697
2.10003
1.63996
16.4155
0.622529
6.08985
1.614
1.91767
0.857108
2.51124
2.51626
2.29204
6.17252
0.735412
7.63629
7.17205
3.5036
2.71541
5.76614
5.53895
3.70221
4.34093
1.36915
0.252092
4.69684
0.993189
4.22653
8.8923
3.13374
1.53306
7.55059
1.82638
1.94413
0.257591
4.63658
5.70309
3.31622
4.35296
0.528747
1.28405
4.31237
9.9515
2.51084
2.29016
3.61353
3.26425
1.72343
2.91641
4.03623
1.1067
5.35925
4.5343
5.82286
1.53872
1.93988
4.15316
5.8901
3.48692
7.21213
3.87243
1.05207
1.20912
6.31894
1.5101
2.89617
8.00291
5.39749
11.5287
0.985054
4.51939
3.36648
5.1063
1.94759
3.10144
10.2227
1.71167
4.19999
4.17738
1.20546
3.18679
0.841619
3.62162
5.78511
1.18124
4.19888
7.05533
2.25206
0.985734
8.62522
7.68779
11.5076
1.28646
5.9033
1.53547
7.6061
3.46371
2.32462
2.33269
9.11131
10.9786
1.89447
0.44898
3.2312
5.15012
4.62291
4.11152
0.739635
3.30881
5.77276
2.0255
10.9239
6.58674
5.45845
4.44357
0.0196519
5.47067
3.06911
3.54932
10.8745
1.20861
2.33
9.01422
0.745641
7.94094
1.90547
2.01248
2.1652
0.652827
4.69412
3.95395
5.55246
8.27805
5.53409
3.26467
1.14627
9.7884
4.95895
7.75647
2.49089
1.50703
6.36071
1.16524
6.61889
3.2962
2.4242
0.330947
2.79263
1.01285
11.2601
15.7073
1.49148
1.15075
4.84363
3.53676
3.58331
1.86106
1.32244
4.16366
4.60729
2.98085
1.463
1.70348
3.63282
5.43256
3.96553
3.52007
5.11315
9.89455
2.55795
11.0001
4.84473
2.21512
4.96737
2.40244
0.37713
5.30924
2.42337
5.81687
3.68055
7.00736
4.56373
13.2453
4.6419
1.12497
8.34109
3.10128
5.16315
4.26206
2.36312
8.33536
2.84533
0.676899
1.19869
0.580619
2.18693
6.53552
2.27249
4.52372
0.616293
5.48325
2.04155
1.6083
5.53535
2.11412
10.9958
0.877911
0.171562
5.4786
2.86224
2.67892
4.24236
3.57849
5.95295
1.41245
1.80692
13.941
5.90003
2.63878
8.9118
3.47846
1.83702
5.02382
2.52402
3.38061
6.77753
2.2342
1.3476
4.11652
4.13683
4.03808
3.55768
2.77045
5.75582
2.36173
3.328
4.55135
4.57264
2.13457
3.33764
1.73869
4.50249
1.1381
10.6757
4.27884
5.28615
2.74698
1.67869
6.75118
4.56149
1.39546
2.83834
9.8763
9.69408
5.13726
4.52721
0.349624
2.96177
2.48812
7.72703
3.22512
1.71489
9.75474
0.680404
4.30512
2.37913
4.25561
5.18077
2.97786
4.89133
3.16758
2.00421
3.62833
8.85683
10.2002
2.85412
2.8942
3.04224
0.895916
1.05194
0.74201
2.91546
3.99624
4.54719
0.711821
0.978423
3.11018
1.23865
4.00628
0.944759
5.37281
6.98661
5.35374
3.39143
5.12069
6.12048
5.387
2.32759
4.76448
2.63012
4.81846
5.63272
5.197
3.73659
0.564915
5.23679
2.79436
1.1419
1.44548
3.48798
1.55507
4.93598
0.796209
0.967616
1.01469
2.15625
1.70332
3.39493
6.19307
2.10411
5.55697
1.65505
3.92991
6.01428
5.64335
3.32499
5.14788
2.57911
1.05106
3.83072
4.48841
3.38604
5.03132
2.16905
2.90477
0.559522
5.59168
9.72843
1.89791
8.24399
1.99675
5.1555
3.38384
3.98898
5.55516
2.02921
17.2191
1.46591
8.90118
3.69487
1.91847
2.22842
2.25213
9.75655
5.74852
2.78024
2.30426
0.873853
4.59679
2.57199
5.36728
3.2795
2.66212
0.1574
5.1287
5.37839
5.33393
3.85736
1.45802
4.15768
1.8278
1.75559
1.75085
5.35432
8.9652
3.26422
8.48628
2.94802
6.01614
6.04227
0.0704936
4.88169
7.29568
4.47986
1.61736
2.64725
1.84437
2.78616
2.35494
2.84444
1.3042
5.64806
0.686361
7.30278
2.13123
4.16527
2.8572
5.6474
10.2576
4.09786
6.30498
1.36255
5.10616
6.54182
2.26137
3.76412
0.866909
0.196405
3.95547
7.12166
2.95446
2.15413
7.99415
2.23225
1.19555
1.37547
2.73689
2.18722
7.81356
4.39979
5.21854
4.04649
0.941667
3.13746
4.69381
5.42979
5.83781
5.1544
0.758592
4.81192
1.22456
5.6076
5.46902
1.43341
5.52619
6.04234
1.38807
3.74303
5.12403
1.18315
2.1234
8.2978
8.0342
3.12154
10.24
5.17861
5.02002
2.87577
4.58277
1.59256
5.8665
3.09444
7.20794
3.38489
1.98978
1.86778
1.1682
1.90652
4.90226
4.35058
5.26851
6.85459
3.27831
4.96084
2.90748
9.94023
5.69632
2.51393
3.28941
0.749627
2.10751
7.80648
4.19602
10.0407
3.16512
2.2896
0.991669
4.44885
12.8775
7.03438
3.72442
8.63909
5.73543
1.77393
6.07541
3.98674
2.07587
5.05886
3.15583
4.2474
2.76397
3.77029
2.63818
5.04595
3.86396
4.43355
3.96877
3.16928
2.0667
1.96837
1.74797
1.69174
5.39186
4.0412
6.81597
1.05435
3.25587
4.41532
1.88647
6.05145
3.55862
1.46949
10.9562
2.06822
8.07813
6.62658
6.3822
1.94444
0.398125
1.79065
7.09175
2.99905
4.35289
0.36922
1.00066
2.57202
4.65482
5.644
1.30492
4.80943
1.75405
1.67344
5.11161
5.12098
3.46924
4.00268
2.8615
1.57544
2.27726
2.31304
4.95708
0.789381
6.05447
1.70789
14.0907
2.2947
3.64107
2.2403
2.59634
2.44787
1.53171
1.8073
4.40749
7.65996
2.80527
5.31871
2.85974
2.35839
8.63506
1.93596
1.41282
2.87929
1.92441
4.31757
3.04212
5.19978
5.41396
3.01426
5.01161
1.85716
2.18248
3.78767
7.86215
6.74072
3.90724
2.33099
2.49458
6.7971
1.53683
4.3813
6.99518
5.96092
4.01482
6.01985
1.19141
3.0327
5.1862
4.04013
4.55007
1.66638
5.0016
5.88379
5.98233
0.141955
2.18152
6.1295
5.52891
1.72983
4.34827
1.60637
1.58814
3.69249
8.74677
1.06389
1.34173
9.63872
6.71577
0.626947
5.33458
0.934708
4.4654
3.57092
1.67033
6.20735
15.5288
3.27102
3.8726
2.16059
3.82048
6.94912
3.15296
0.8729
5.03504
2.62447
0.729675
1.34109
3.59954
4.14086
14.9596
2.15668
2.37943
3.75513
5.03248
5.57633
11.0475
9.98586
1.57075
5.61498
3.41265
7.22472
5.78664
6.40708
1.70311
3.76479
2.54462
10.397
4.26359
0.797414
7.02235
1.94802
2.98858
12.7116
7.43013
7.27272
1.71379
3.32506
1.18811
7.04494
4.61747
13.4854
8.08464
7.10562
2.53497
1.00832
4.43112
5.88471
1.08954
1.4096
5.80849
2.22514
14.0368
1.34591
4.56348
6.60187
0.898513
5.34853
7.76859
0.443715
3.55218
5.04688
4.87137
6.17018
4.25356
1.9358
2.97215
0.607443
6.70732
0.759409
0.382189
1.47888
0.240507
5.75636
18.5351
4.38436
7.96112
3.48112
1.03146
7.8684
1.88997
0.955119
4.41127
2.69142
3.61665
3.53762
2.19927
0.389675
1.52235
0.980544
3.67825
1.6001
0.240922
2.21713
10.7933
6.39748
2.84506
1.31347
3.71179
2.94403
9.82247
3.59965
0.340338
4.81137
1.64218
3.63347
1.31454
2.30074
6.07433
1.83898
0.121874
0.601846
3.70382
1.63515
4.00771
5.40353
2.1127
1.05914
1.78028
10.8612
3.27403
5.82415
3.37604
3.0771
5.32049
5.15367
2.02535
0.806603
6.9597
3.22482
7.40218
9.45524
5.7058
5.11178
3.2822
4.0152
1.47425
2.09447
11.2429
6.52875
3.35847
5.76562
4.9743
1.46585
3.31027
2.62418
2.09072
4.508
3.44897
4.28208
0.978424
4.05239
7.04087
2.67747
0.482811
4.47701
2.52432
1.33112
4.62477
1.09745
1.47622
3.95311
5.57879
3.66567
1.95571
3.22847
5.5278
6.76281
6.20763
2.56112
0.906843
2.52035
2.06793
1.23482
8.96713
0.446745
3.28028
4.97696
5.71171
0.89708
12.968
3.04448
2.76156
4.94068
2.32801
5.96101
3.1636
7.08104
1.02511
5.5478
2.94306
8.06787
2.77903
8.43241
3.492
4.68655
2.97336
7.20295
6.88747
4.83371
6.09387
3.88232
4.2976
2.33168
2.61986
3.60093
1.92453
1.64422
6.63336
1.71893
6.46987
17.723
5.05044
7.11557
2.11126
5.68856
5.47984
1.37907
0.916324
5.1165
4.64357
2.32661
9.32353
1.57078
3.42656
2.00583
7.16265
0.599409
3.43792
8.50605
5.90649
4.4927
0.568459
3.95335
0.3415
4.5792
5.61604
1.97092
3.87417
6.23294
1.67718
8.75567
7.75441
2.74117
3.56996
2.8662
1.67656
1.54264
4.33905
6.68069
1.25466
3.06013
4.7716
4.38325
5.87252
3.59287
3.14681
1.07847
2.60598
1.44164
6.93634
4.63128
10.9231
1.08755
3.96767
4.64666
9.7513
6.26136
8.36714
1.01114
5.1859
0.728392
2.43025
0.695939
3.53303
0.309246
0.713481
2.97265
3.3891
4.79246
3.71202
3.76749
2.20113
2.40995
2.52836
6.42757
4.68978
1.69187
1.59132
4.81002
2.34603
1.63543
5.37596
7.82233
3.87984
7.58751
2.29832
6.06059
2.16886
2.20235
4.92411
3.91583
1.85598
2.59434
6.6428
3.68494
2.79541
1.92091
2.68398
3.55338
2.05347
6.4431
0.529936
4.65441
3.77839
2.56551
1.16401
7.72776
6.34734
2.33409
0.968242
1.83778
3.0669
0.660243
3.27242
3.85783
2.57546
5.4295
1.35595
1.31956
1.92483
1.67448
6.58481
5.68833
3.79796
4.59589
3.29349
8.90599
3.22022
1.32859
2.99724
2.81472
10.9661
1.39881
7.09314
5.52434
7.49584
0.780875
1.0528
4.14233
6.4833
3.39862
4.90864
2.1508
2.15529
8.10817
6.83005
0.605225
2.74042
1.77205
1.31404
7.59124
3.23629
1.74642
1.44044
4.79556
0.92391
2.52721
2.20935
0.503533
3.5715
0.897649
3.82694
1.20839
3.9883
1.56394
5.41785
6.14305
0.146727
12.3009
8.84339
1.74978
0.270388
2.837
4.32099
9.04381
1.01173
8.15436
1.25229
6.43386
5.00246
1.27697
4.01585
4.82064
3.07297
1.87356
4.91474
2.19774
4.68875
1.83595
5.93632
1.67454
4.29557
3.58833
3.39151
2.25405
1.9794
4.03991
9.0139
4.83959
3.20116
6.58725
2.03413
0.734817
2.39063
3.47223
2.33571
3.37542
0.979451
6.34017
8.22249
1.04574
2.81485
3.44366
4.15527
11.8929
3.14159
0.978965
7.02991
2.5413
3.28442
3.20943
7.38551
1.2352
1.57071
1.27153
2.12559
1.34861
5.30351
3.26401
7.7284
0.708077
1.54698
1.25086
0.73552
1.40321
11.0321
0.596216
0.16574
5.97527
8.08839
7.20729
4.31102
1.70291
3.04396
6.64687
1.39185
4.1071
2.57236
3.47173
6.19221
4.56443
7.45793
2.76242
2.37885
3.75639
5.11891
4.46263
2.4985
6.24839
4.756
0.494428
3.37523
4.59774
4.4144
5.86593
5.69842
5.25161
2.56391
1.46298
2.22121
5.3414
4.36165
4.58126
0.156667
3.79591
0.4825
2.42838
2.39645
3.03846
2.20962
3.64862
4.28504
9.22289
1.2006
3.52417
4.91833
13.4931
2.03507
6.64802
1.24852
4.62164
0.342225
3.56425
0.730963
1.70766
2.39195
3.26897
7.03137
2.16045
8.04836
1.07544
3.31466
7.28499
8.74887
8.64036
0.287404
4.95962
2.59176
1.5375
5.18217
5.8256
4.38213
4.71451
0.793681
6.07854
2.81416
1.87189
1.52369
1.37686
4.8276
1.4339
4.03032
1.10714
9.42769
1.21804
2.93292
3.24676
2.57185
8.7413
2.10332
5.51605
2.37285
0.737337
3.1008
4.88892
11.1837
8.2071
4.71972
1.47442
4.26505
1.1666
1.15563
4.18751
5.54817
1.67101
3.80863
4.24087
11.0926
2.30566
1.15536
4.87123
3.39854
3.97214
3.31451
9.10082
2.65609
2.12688
2.53842
4.98854
0.817842
5.13713
2.98723
5.0831
3.69865
4.42361
0.200527
4.79329
2.06004
3.74383
2.439
0.506614
3.75449
0.749553
0.420726
3.02723
9.01643
4.85273
2.56448
2.80904
1.40692
0.286872
8.10697
4.05594
2.0127
4.78503
2.35554
4.11316
6.21771
8.81651
5.8968
1.39941
7.41808
4.21406
0.582521
7.8762
0.288758
4.17754
2.90764
3.12902
1.83894
1.188
5.06099
6.51423
0.693369
2.41123
4.17232
2.79385
15.9411
4.2898
2.58022
5.00782
0.873563
1.01324
0.909861
0.891076
3.68351
1.31236
1.74372
3.39215
7.62569
2.07073
1.7542
1.47039
6.06188
4.522
0.316524
1.53912
4.1015
1.94927
4.65827
1.27397
3.97935
2.18435
4.96604
8.44848
1.03864
2.29932
8.57611
3.96135
3.239
3.05394
1.5894
3.28747
5.78177
3.63362
5.52876
4.2768
3.86961
3.74191
4.03768
6.72127
0.328003
2.16215
6.27388
7.02431
3.56406
2.17147
6.51044
1.42277
7.7859
9.59582
1.48995
3.38394
8.27791
5.91638
3.04024
3.68259
10.8332
1.88368
3.78994
5.91419
8.79821
6.66289
2.97662
4.77019
0.275881
3.2237
4.67964
8.52947
2.00545
3.78263
4.33687
1.85478
9.75403
6.25663
18.4901
3.27296
3.15468
2.2721
3.73043
2.11264
1.96518
3.58141
5.15447
2.5135
5.77549
1.81661
2.53967
5.25309
9.48985
1.54004
5.31594
3.64871
0.239218
2.93906
3.98795
1.67189
4.75972
3.122
6.80607
3.60499
0.974833
0.854959
1.88226
10.379
0.632914
3.31035
2.47118
1.12385
1.57266
7.61393
4.02891
10.4789
2.3489
3.44386
5.74366
3.60202
2.68177
1.27525
7.46666
2.77818
2.16706
3.51117
10.6884
6.84077
5.85954
1.6204
8.89323
1.3147
2.24262
5.72532
4.29269
0.814734
6.36116
0.863025
4.02146
7.42557
4.0878
2.1712
6.64495
3.45835
4.1465
1.35357
10.7296
1.75172
6.84724
7.72182
3.1345
11.6506
9.05107
12.9478
12.52
7.89144
6.26744
3.07724
5.87745
5.83606
6.02636
2.00901
3.45839
4.90821
9.80732
3.00626
3.51956
2.54882
3.89406
3.30441
4.93345
3.22469
3.7471
3.55895
1.19935
3.96712
2.50729
1.65903
1.17767
3.57799
1.33155
2.33256
3.45008
2.83107
1.89436
1.43638
4.88666
2.28116
3.78915
1.69337
1.97936
8.52232
1.32941
1.68698
6.53665
6.71632
0.251001
14.1015
2.01353
5.70149
2.73897
9.45803
13.4871
5.32342
1.17973
1.93591
2.55265
2.32802
5.16115
4.46586
1.61252
2.27196
2.00995
5.98266
4.03189
3.24895
0.453312
5.9205
3.87971
2.15545
15.7543
6.6512
0.89516
1.71506
1.5835
5.29823
1.66835
0.352485
1.64423
10.8792
11.9716
4.11028
6.38741
4.15224
2.49143
1.17277
3.76691
4.40099
7.11746
5.07252
0.941997
15.677
11.389
4.06835
4.0376
1.11798
1.84098
2.58891
7.07098
0.971218
0.260838
7.40634
1.24341
5.81579
5.17838
1.35629
3.74668
9.82202
2.25266
0.423845
4.79733
0.346601
1.99392
0.936587
3.05906
2.24686
8.15901
1.37534
3.7519
1.27073
0.278359
2.0997
2.03267
6.19667
4.47952
4.01278
6.64894
5.76642
5.08759
6.76296
4.31918
3.57205
3.43611
4.53929
4.77544
4.67034
2.70445
1.96143
3.95743
5.50783
3.46843
4.39024
2.96488
4.83953
3.22668
7.48998
3.65873
4.16094
1.88562
4.35546
1.92132
4.632
2.47907
0.979013
3.49597
4.49004
4.66197
1.6943
0.360321
3.17619
2.7523
2.20911
1.68813
1.48843
2.64853
2.41889
2.55399
9.56958
7.25234
3.45228
3.91441
1.77051
1.22958
1.57527
9.26579
3.61363
0.751824
1.65279
3.22099
3.25551
3.85787
0.959192
4.08616
11.2894
3.09177
0.771822
1.91493
4.40654
1.77619
2.60248
0.657538
6.66988
4.9164
0.98674
2.45535
2.01324
2.09388
0.0828892
1.13013
1.97865
4.31561
0.948157
2.30698
2.67901
6.22258
9.14821
14.1027
4.24406
1.49809
7.00611
4.80441
1.74784
2.28772
2.18232
4.90039
1.77071
1.3121
4.2705
1.2304
7.19132
1.81879
0.73904
5.72777
1.09183
1.80863
4.31449
8.94461
0.219545
2.13146
4.01574
2.67266
3.43324
6.36396
1.44407
7.87408
3.51734
2.3803
0.97822
2.25932
3.97895
0.539939
20.3702
3.71635
3.63513
7.45684
1.55417
4.73643
5.94573
4.69326
8.81718
3.99883
4.28281
1.52592
6.37159
5.59355
3.37113
3.8899
3.01731
7.71878
4.43767
4.92765
4.06058
1.13773
5.97719
0.741258
7.51498
6.08877
1.02069
2.28853
8.44185
3.01872
6.21926
3.05066
6.38397
7.21157
6.78078
1.23277
4.27566
3.70633
1.55876
10.4204
5.84961
0.387037
1.2284
5.24101
2.44986
1.11049
5.19621
2.347
1.11894
5.29615
3.51931
2.40969
2.79481
2.84838
1.83646
3.15522
2.55831
5.02403
2.05979
8.25843
0.997134
2.99289
2.62332
2.7796
4.91601
0.665939
0.802107
2.28037
4.34967
3.24488
0.751969
5.52885
2.2484
5.7881
4.29091
5.77423
7.15701
3.22916
5.79787
6.35939
7.22482
4.61461
2.06644
2.11334
9.06056
9.11672
2.24354
2.44586
4.81586
7.28726
2.78684
1.53041
0.463446
5.33327
2.02344
1.40462
14.1407
2.82432
4.43342
3.96527
3.44281
1.83413
3.10551
1.48299
1.38012
2.97286
1.27837
1.31393
2.6066
2.32394
6.23988
1.93295
4.06406
0.735242
7.74219
10.1537
4.10538
2.44028
2.52927
3.22941
4.54133
8.84552
1.38792
20.4568
3.25089
1.46069
3.27383
5.1667
3.36936
4.10238
7.0879
3.12618
0.169955
3.57792
2.29263
9.35467
4.92393
1.74643
7.72856
3.37781
3.14842
0.868685
0.554064
0.490608
7.2259
0.570549
1.61106
5.08956
11.3307
3.01716
10.2105
8.14413
1.6444
10.9191
8.10317
3.90424
6.44138
1.23307
7.25256
3.37355
2.31391
6.62554
4.0614
1.86402
2.56687
0.893201
1.18626
1.01069
0.927267
4.66658
4.3991
0.571712
2.69786
1.13982
6.94295
8.46557
4.52752
3.17675
1.57911
0.0807981
7.21353
2.05111
10.8069
2.49405
5.54798
1.17682
2.29327
1.40017
2.39759
1.24152
2.84244
1.21474
3.15523
3.74582
4.86946
1.56118
4.06416
2.21186
2.92606
3.92656
2.03257
0.837374
6.64543
0.960151
1.65953
6.67946
1.97118
1.51877
15.9098
0.572221
4.06196
4.41736
5.52061
6.11688
9.27754
10.2631
1.70326
3.18619
1.63978
1.66406
0.726769
2.28021
4.32732
6.13788
8.21689
4.67956
2.82685
5.28173
2.61176
3.98161
2.5419
1.62153
5.22986
2.75546
8.87546
3.61962
10.1559
6.15897
6.75781
1.13505
0.894557
3.09446
3.07031
6.00854
1.93041
1.01328
4.83583
0.478267
3.68492
1.68516
3.76105
6.39384
2.45567
3.63775
6.02917
7.02321
2.32025
0.569537
1.61688
1.81776
3.46393
22.8647
3.28312
10.2782
2.20748
6.50713
1.11619
2.4847
2.51864
3.14686
1.73459
6.15415
5.62727
4.66997
3.1462
5.13317
0.672373
4.83885
6.4243
6.2098
6.71691
3.08389
9.48196
2.68382
1.38683
5.44396
7.72455
1.21679
6.33988
3.1823
2.51405
1.53601
0.852511
5.02665
8.954
2.14164
10.7324
1.28871
3.12224
2.18095
1.24149
4.20022
5.76845
2.0806
1.37464
1.90151
8.0689
8.04946
11.8115
2.54418
4.77979
2.03899
3.18601
4.57801
4.62217
2.11478
1.17873
3.53325
6.38219
0.764655
9.7938
1.97551
4.4595
5.62418
5.17194
2.44669
3.18211
1.34612
9.10316
6.68905
5.07487
8.32629
6.58777
3.50498
12.0606
0.981116
4.93209
5.38012
3.37636
8.6797
5.18472
2.7309
6.134
2.53248
3.45788
0.500834
2.9082
5.64507
5.92668
3.96189
2.14781
3.15035
1.56945
5.79309
8.46405
4.06204
2.56514
5.15312
0.870631
3.06452
3.93911
3.28739
1.78663
1.80886
4.51556
7.36337
8.53513
1.97961
1.05627
2.38264
1.51731
1.66352
2.0904
5.10859
1.18538
2.4814
2.86663
0.752147
0.394522
0.223925
2.4507
0.902832
4.15954
0.936333
2.07794
5.21879
2.25719
0.963104
0.302126
2.08656
8.50967
4.50813
8.03366
1.19452
5.48759
4.0696
2.80864
3.73272
2.72429
4.89355
8.24215
3.50068
6.8874
10.0895
0.573729
1.1029
3.64405
2.65813
3.31855
2.31458
3.12712
1.81693
4.49089
3.22413
5.71235
2.08614
1.45683
2.43386
2.54362
1.41951
4.55834
4.18702
2.81792
3.02106
5.48143
3.82609
2.98101
0.252801
1.50693
2.24916
1.2989
1.62349
4.94445
2.44447
3.63619
0.319211
1.79276
10.2658
6.33863
0.807667
0.58393
7.92818
1.6407
1.72968
3.80857
5.06819
4.91505
3.06253
0.982255
6.68847
5.53387
3.1946
1.10644
2.80636
3.02008
12.7574
2.79578
1.37579
0.738223
6.69837
5.84002
3.29968
6.34725
1.11981
0.562277
4.19226
2.94693
7.17456
4.01627
2.30435
1.09411
2.03285
3.97437
5.8058
0.175747
3.74909
2.96494
5.85635
2.79562
4.97988
1.70278
5.99792
4.33721
1.13726
1.25632
5.32716
8.62435
3.62855
0.91802
1.31262
4.23216
4.5068
5.17369
0.383205
1.34054
0.48946
1.55945
1.86799
4.58457
4.46283
4.91424
7.34389
1.9002
2.19472
1.06062
3.8538
2.72775
3.24432
1.22605
2.87562
2.69835
2.36639
7.86152
5.12285
5.28758
7.29366
9.09836
4.04061
0.662956
10.6651
4.09446
1.61516
3.51278
1.32688
2.4939
4.2135
4.70411
1.86598
6.78825
2.93513
2.43802
3.95964
6.92499
0.20254
2.20773
2.17559
1.98264
5.62868
2.84895
4.45592
2.42452
0.562895
4.11987
2.31833
1.38833
1.24895
7.48802
2.63481
5.51053
3.36763
3.30549
3.57919
5.45841
9.41398
3.77528
7.18812
5.72009
1.98261
0.869626
6.30982
3.22431
8.65611
2.09685
6.24391
3.12832
6.13489
3.5429
4.27248
5.60043
9.34349
1.79187
2.06814
2.53758
1.96486
3.99644
4.32257
12.0853
8.76924
1.68006
3.31469
2.02766
2.54995
7.15594
0.759226
13.7569
3.15652
7.49802
1.4954
4.15229
6.39516
5.09609
7.7441
1.11069
7.7183
3.30181
3.40616
8.08624
3.20844
4.61149
5.3956
4.30977
3.36779
2.29193
3.53877
5.57775
4.66914
1.24023
0.935696
1.78111
6.67888
2.2687
12.1083
2.10122
6.48039
6.78487
6.42642
10.4413
3.80514
6.23989
3.55619
2.00487
4.91131
3.13283
4.5815
0.120568
1.76477
3.07982
2.75264
6.50889
3.23022
1.26518
5.67728
2.29274
1.22301
3.30787
5.88177
2.20955
2.64108
3.18059
3.05095
5.44582
4.53298
4.87322
7.49815
6.36744
6.32691
5.76359
1.782
0.994962
0.744526
2.20459
2.27198
3.57215
0.484828
1.42515
4.43779
0.613039
6.35433
2.49099
0.635534
3.87573
3.55861
1.30356
1.83332
2.6167
3.94536
6.21812
1.56992
10.3224
2.90739
1.79086
0.734736
2.85283
2.568
1.26671
2.36673
1.849
1.43973
2.28875
6.03728
2.28283
3.27062
2.54758
8.53724
4.27914
2.41828
2.2161
5.09043
2.66233
4.29575
6.71518
5.56495
4.2983
2.59277
7.17822
6.24713
1.52656
2.74219
1.43587
2.22706
8.9053
3.75442
5.95266
4.88873
7.40803
0.970044
7.71605
1.47386
1.66417
5.98832
4.92058
2.21769
1.78373
2.9079
8.79148
3.45466
2.63694
3.40781
2.70777
2.63515
1.45269
3.7375
4.98306
3.12743
2.01775
1.9279
5.21745
1.43142
5.54265
1.00388
3.94976
2.59211
4.56416
9.91691
0.456136
4.83516
4.01383
4.08748
1.13687
3.33372
3.89338
11.1478
1.499
5.53295
2.13527
1.54769
2.54278
2.93549
6.29282
2.31502
2.26114
4.83553
8.06349
9.26908
4.30784
4.12976
1.39582
2.64838
9.53957
2.81998
3.94329
1.34908
6.22811
2.23496
0.960306
2.61944
8.90105
2.3709
5.41012
9.25598
1.18223
2.81819
8.46717
4.10247
2.76599
3.54158
0.223379
2.89906
2.04035
3.00919
4.68093
7.73232
0.761976
9.88744
1.41774
3.43541
9.25182
11.4394
7.93666
5.05156
4.50678
3.25884
2.04317
8.50357
4.22148
0.570016
9.68407
1.79991
6.65887
3.21029
2.26538
5.90193
1.42184
0.734818
3.6638
1.91664
2.89692
16.502
10.9732
5.19961
0.749082
8.2012
3.89689
4.15938
1.6527
1.83299
2.31551
5.62044
3.30218
3.03101
2.62839
3.59873
5.80867
6.81047
3.80232
2.07406
3.36668
0.596421
7.25838
1.0149
0.782241
2.39584
10.7886
18.7674
4.52654
1.98678
2.15137
1.60402
4.76579
2.32524
1.65624
1.96223
3.18705
3.48088
6.05655
3.90519
4.7974
3.32041
1.67392
2.26586
1.30388
5.53914
0.907969
2.51129
5.443
7.1601
4.32305
6.44992
3.1077
15.6244
0.328425
1.34664
4.61769
2.91363
3.30725
5.76981
0.724484
3.25298
8.30276
0.632332
2.57254
5.3707
0.852312
2.28753
4.21853
0.604716
4.03616
8.82262
3.22174
4.80289
2.69488
3.45539
5.07729
9.77534
1.63132
7.60274
1.93948
2.97606
1.12248
1.16496
5.22954
2.71905
0.804254
4.007
3.68347
3.45588
2.65348
1.24318
5.15459
12.4847
4.56452
1.04947
2.01064
4.57028
4.38439
0.685906
3.09973
0.171205
2.33383
4.79399
6.17596
8.30177
4.75436
2.07227
0.579266
2.46395
2.81702
2.69914
5.19409
4.2459
5.64884
3.06079
5.35222
1.95849
3.79659
3.69364
13.5901
2.59673
2.73976
2.30598
1.37923
4.58655
2.26697
3.99641
2.69752
2.91424
4.88118
0.288933
2.22759
6.23075
5.00875
5.95238
9.24717
1.17387
5.16067
4.4627
2.0775
0.752432
0.843921
0.881423
1.00816
3.90576
3.11833
1.41501
4.06731
3.95968
0.887963
1.88508
3.32405
4.14362
7.01609
8.68307
2.18311
7.75292
2.55566
4.35124
2.03724
1.7069
1.37137
6.86087
5.2678
2.40764
5.67967
3.66812
0.791823
3.70511
4.40629
3.04625
2.44604
0.884627
2.1756
1.87665
5.37271
11.3888
2.77545
1.54362
4.68633
4.30463
3.18396
3.74061
11.7759
3.90429
3.66703
2.67762
2.99326
5.985
5.67523
6.986
2.03521
1.69826
1.97544
11.7967
3.70949
1.80102
10.0864
4.54031
2.32492
2.14078
1.13467
3.44247
2.78936
0.573815
1.75946
1.02908
1.97407
3.81636
1.38508
5.1448
0.569113
5.38825
1.61943
1.88705
2.66026
0.574072
4.37125
2.2542
3.00535
4.331
4.14028
0.507671
3.34883
1.82479
0.990591
2.06859
1.38891
5.57744
8.41183
0.400588
17.8631
2.20204
5.62011
2.91845
7.09517
2.13838
8.68193
1.53048
0.938753
2.69856
4.68798
2.22582
9.59859
0.975348
6.89083
12.7008
0.586062
1.26413
7.61702
8.9403
1.61629
2.85131
4.05649
3.20863
12.3218
0.541891
1.69882
6.83891
5.43435
8.15625
10.9686
1.56848
1.36789
1.9262
3.13306
8.63937
10.1985
2.37759
3.85137
1.42062
2.27323
6.71366
5.13244
3.29225
16.3677
1.13184
3.25444
2.95589
1.55907
0.389419
2.14032
0.844007
2.02699
7.36376
2.41252
6.42796
4.74121
2.00494
7.58018
2.24462
3.58832
2.18222
4.52927
3.95189
0.661323
2.68174
0.248489
7.4913
1.34847
5.94231
8.39169
1.43501
3.26693
2.82845
0.942816
4.58315
9.83144
1.38417
4.58647
7.15594
3.12574
2.85061
5.50906
1.86637
3.46753
0.674117
1.99489
2.83672
9.86307
3.77579
0.59664
3.6021
1.49013
8.53763
0.743126
2.51041
4.91241
7.64998
1.86443
4.05944
9.95858
9.98146
2.6902
1.48099
2.43804
0.561615
2.35651
4.00601
9.7001
4.26408
1.18049
4.45847
2.30371
1.2583
3.51408
2.12517
3.15641
1.37497
0.846456
5.09168
2.18766
3.61481
2.99877
7.34407
5.46763
0.890639
2.15574
10.884
2.42425
1.07045
2.44943
4.33155
1.55257
4.03986
4.89256
4.84215
1.10283
12.1649
6.88831
2.67609
1.86706
6.39419
3.35473
8.55896
11.5159
3.68846
3.93041
3.7021
3.57587
5.53181
7.10977
5.53627
7.71382
2.73086
4.59837
5.28154
0.343093
5.68073
2.90517
5.33668
5.0875
4.59035
2.32814
1.54615
7.38355
1.85746
0.923479
2.20448
2.29418
4.28401
5.12928
2.34105
2.12815
1.72772
6.64851
5.53112
7.22592
2.71386
2.70263
6.45401
4.05744
2.47597
7.55104
2.999
1.87677
6.72279
0.702128
4.10302
15.6768
0.696753
0.395902
1.33191
6.4094
3.49575
3.85042
1.22212
5.41062
6.209
2.32364
4.80302
3.37515
5.92463
1.76338
1.53743
3.35374
1.76324
4.43608
4.14567
3.40382
1.78813
4.74627
4.24344
5.54148
6.43461
1.89149
3.71418
1.27394
3.95879
2.67849
0.461374
3.80837
4.59222
2.05975
2.35241
2.95712
7.6966
5.26334
3.04298
4.35873
6.0487
2.73192
0.794712
3.3013
0.718314
1.81275
10.2324
1.16023
1.33704
2.76791
5.27702
11.0768
1.73004
1.1432
2.02893
4.49052
5.45175
9.83205
4.3902
0.347958
10.2079
0.79168
4.79091
4.6387
14.4154
5.78841
6.2782
8.46276
4.98434
4.05456
1.0248
4.37117
1.44742
6.98832
0.771924
3.63157
4.80587
3.52266
7.38922
3.57459
0.747174
2.47133
6.48541
1.99348
6.75519
0.316722
5.36705
5.06567
0.415068
2.15348
4.9385
0.597283
4.18186
4.77696
4.43786
5.55577
3.55627
4.14019
6.95032
7.1205
6.58878
4.46856
0.44281
4.70512
3.52784
1.5675
1.75368
9.06534
5.39315
0.755906
8.18311
1.61537
8.76619
3.01271
8.76719
0.897602
2.86657
1.20181
5.93017
0.617518
3.15126
3.08677
5.55941
8.51748
0.469387
2.21789
3.30769
2.89613
5.37981
5.02001
0.785753
4.41473
3.08287
5.3044
1.18322
1.76592
6.24471
3.41399
0.1248
3.50777
2.43702
1.0947
1.95895
2.07909
4.86273
9.60993
0.529282
6.14941
2.83821
2.37803
5.55281
1.03119
3.23213
10.1258
2.78961
0.682096
0.65314
0.442405
1.19873
2.37291
3.66513
1.43009
3.19602
2.55725
2.56729
1.47027
4.50511
5.60725
5.43065
1.07815
7.07116
2.90433
1.87657
0.799661
0.293862
4.79844
2.00044
1.39373
12.9868
2.32277
9.20321
4.8585
8.43806
0.611963
1.52286
2.52347
5.37258
1.83051
6.90857
2.49008
7.64894
8.18312
0.853393
6.59316
4.87502
7.13624
3.70895
3.20353
2.38618
12.2017
3.5109
2.43774
5.59724
4.43211
1.13134
0.608634
1.00778
5.25759
0.150075
3.32293
7.65242
0.090163
0.406911
6.67752
4.94012
3.05556
4.20919
1.84887
2.09928
2.60118
2.81114
2.79042
4.30953
3.47518
5.79372
8.23941
1.11248
3.20387
2.02469
4.54976
3.50124
1.71866
2.84035
3.65114
3.58521
1.20496
2.40352
4.73203
1.3313
2.83569
2.72092
2.88044
4.88464
3.44412
1.88391
5.12783
8.69666
0.610562
1.99229
9.99765
2.56294
1.49261
3.65243
4.52579
3.53015
1.84563
8.22071
1.41206
1.73708
10.7416
1.75417
5.68709
3.51279
2.939
8.34794
1.86255
5.19723
1.16093
4.25429
3.96364
3.4322
4.75858
0.511116
1.49706
0.643038
2.30399
3.44466
2.27913
1.09517
3.74589
5.05749
12.0879
1.22119
7.10374
5.57598
8.25925
4.02233
6.28354
2.60009
2.87529
3.16592
3.49627
2.18404
9.44152
4.84555
1.77775
1.50088
8.43861
3.55035
4.59384
2.76237
3.55563
6.1011
6.70339
1.86941
0.431907
2.86744
1.75715
3.31576
6.50849
1.31291
6.28619
4.02791
10.1648
1.41935
10.2637
1.0385
3.93268
2.33182
11.7802
9.39539
8.2285
2.51711
2.87463
1.83857
7.03418
4.49263
8.51738
2.05673
2.17587
8.12473
1.25248
4.8432
8.37719
0.592022
7.83482
4.13495
3.79151
0.605803
0.775015
5.56067
0.936702
6.46283
3.64515
0.461105
1.92678
1.96835
1.54145
2.01559
1.4927
4.99355
2.83204
3.17272
1.31276
1.94299
11.5678
4.35221
1.86843
6.66156
2.84635
9.69372
4.4418
3.77512
3.0538
3.01325
3.6392
3.30166
2.75116
6.44267
2.16039
9.83962
6.55995
1.43974
9.38883
3.79267
1.78612
4.04721
3.40842
3.15955
3.87418
5.75414
3.4229
7.5995
7.10479
5.38213
3.19554
6.39404
3.19661
5.50654
4.43495
0.966746
1.01756
5.46556
2.90648
9.17681
2.64123
11.6304
2.49186
3.78605
2.30036
3.2556
3.09416
1.89515
1.55643
0.580189
0.988
4.13813
3.68971
4.36501
4.51068
4.60654
0.868981
1.85914
8.46646
4.4969
6.70079
4.37662
1.23673
2.01902
7.10856
8.16339
3.34358
1.77335
0.56542
1.9113
3.05814
4.3557
4.4034
4.01874
11.6204
0.759386
3.53083
5.04979
8.33959
1.7194
3.26452
0.748782
15.6551
5.16789
9.7628
2.0235
1.42214
0.465974
8.23959
0.394194
0.569999
2.57345
5.24896
1.86714
1.21237
0.426929
2.33382
13.4997
3.55259
2.35051
1.025
3.74821
5.90545
3.05768
0.558814
27.7217
1.40041
5.72069
16.7149
0.916707
3.5146
9.15976
3.52058
4.67296
4.12603
9.19031
4.50773
2.02663
2.02625
6.51973
5.68355
0.833939
3.25865
12.014
6.66328
1.86755
0.549476
0.838184
4.39308
6.69185
2.84826
4.69599
7.57422
0.592749
1.93013
7.56309
1.43185
2.01593
10.2248
2.84086
8.58555
2.77772
3.70763
9.77464
1.98904
0.743575
4.60884
3.25119
3.8324
2.95059
3.89452
1.16878
0.593513
22.4119
17.4065
6.9914
6.80614
5.84884
1.81352
1.75823
1.58836
2.42171
5.43686
2.2522
4.1469
1.43913
3.62793
2.00661
5.04124
2.48446
4.23802
2.27094
2.28414
3.8314
4.23601
1.47942
2.76804
3.80491
3.43829
2.0377
1.22299
0.807592
1.76546
0.841132
9.914
2.48137
3.35949
3.14414
1.66062
1.10289
2.55425
2.32566
0.949166
1.62129
10.445
6.27888
2.02289
1.56396
1.6765
3.52857
11.7191
5.55773
3.04793
3.2368
5.87698
5.5919
9.74713
9.00861
0.645337
2.80263
1.97169
4.97446
0.913863
4.88955
3.85603
4.84669
3.81857
1.43
2.30602
3.91752
1.52988
3.06398
5.9738
8.863
4.96597
3.39579
3.38205
3.88475
1.33911
8.01202
8.38559
6.77356
1.41424
11.1925
4.15341
5.41972
5.47908
5.13104
4.18993
1.06235
8.80211
4.10426
0.919651
1.78142
0.900884
4.23844
1.90314
2.406
4.20533
8.94621
4.8913
5.28626
7.58995
4.19399
6.92446
3.40365
1.26953
9.24927
6.12446
1.40078
1.724
1.14802
2.54836
4.22281
0.724437
4.8661
2.17593
1.13393
3.68148
7.15503
1.34364
3.08918
3.33142
4.95341
3.68584
5.05147
16.2334
8.40232
4.63416
1.2644
3.18229
0.581086
1.12676
1.40389
4.32707
9.87578
0.908354
3.23938
2.91949
4.59786
2.20787
7.66756
3.30186
1.82282
7.63793
3.21151
1.33289
11.5434
5.52124
0.981997
7.87464
5.32755
4.7199
7.36127
4.96813
2.17384
5.40827
2.4706
1.4707
0.357631
1.01622
6.51541
1.87056
6.5981
0.562373
0.509921
7.34175
2.24803
5.69316
1.37981
2.97247
3.44421
0.618208
3.89762
6.92889
0.320562
3.17378
7.52902
5.5842
1.23279
3.7487
8.97042
1.49149
1.76307
8.73396
4.54223
1.77438
17.2552
4.20767
7.38018
4.37468
4.8425
2.34165
3.25629
10.0107
2.71419
10.1132
1.01876
2.83725
3.46998
3.38551
8.95719
2.57276
8.2017
3.04479
2.27016
3.90865
2.37491
5.37517
0.626412
6.3073
3.49733
7.89393
1.75759
4.13271
1.6328
5.69802
3.65919
8.14186
0.236529
13.1685
4.31697
2.70715
4.9981
7.9951
4.12831
4.19233
6.14181
6.44427
5.7374
1.68003
2.72313
2.95252
0.881236
0.65179
2.0779
5.11749
3.42563
4.11538
10.7469
1.42181
1.50083
3.78222
2.71961
3.38295
1.61154
0.676047
1.79081
3.91524
1.35884
2.83489
4.69198
3.85109
1.2963
12.3488
3.1247
7.11234
3.3294
1.30402
3.38848
1.77491
2.73432
4.47312
1.61587
7.19647
1.24306
1.57432
11.7711
2.12147
1.93083
1.60365
2.59316
6.02798
4.46199
5.9733
6.63876
2.3923
4.96546
2.98179
4.72192
0.122224
2.52098
2.50164
2.00112
1.93138
4.52581
8.52684
3.56709
3.4554
5.71168
4.38923
1.32719
2.39874
3.58007
8.94452
1.62037
4.39938
6.1918
4.57563
3.03125
1.1503
5.10466
7.67465
6.23763
2.51818
3.33771
2.09272
0.770859
3.49513
7.11819
3.39085
6.45632
1.01202
5.39347
6.52537
2.45554
9.99654
1.9308
0.651616
3.04782
4.55298
0.950169
4.59365
4.29742
2.04573
8.67277
0.280407
7.23183
6.79493
5.03473
0.347734
4.36482
0.679022
1.64308
2.06495
5.86625
16.5057
2.42575
3.42148
5.57602
3.3152
1.58725
3.48078
4.7329
2.21896
0.824989
1.52263
2.60663
2.07924
3.84749
8.47176
2.73051
5.95241
0.210443
1.24241
2.34158
6.55837
8.59186
6.6872
2.39728
4.70748
10.0131
0.40874
0.880097
7.34373
1.95918
3.62116
6.24311
2.4831
0.157028
4.78912
1.56524
1.20993
2.40783
4.72309
4.59621
1.39057
3.42935
0.775018
4.24204
0.79053
4.01611
2.5385
2.09051
2.86734
2.56279
3.42194
4.09519
5.72055
3.78699
1.22399
7.20232
4.46413
2.14141
3.80994
2.44654
0.326515
4.59166
10.7923
1.70697
2.33219
10.0931
5.23207
9.87252
2.05334
2.705
2.572
9.25366
2.26243
3.26666
4.75906
4.88907
8.5663
3.31061
1.01879
2.91323
7.84721
3.82094
4.76101
2.22741
3.9606
5.71068
7.47371
1.96423
3.12195
3.03733
3.30924
6.40549
6.48241
5.44424
5.95116
6.07571
2.42746
3.17783
3.91271
9.49257
5.51136
2.96089
3.53228
1.0184
3.31009
1.93314
4.04227
4.59797
10.0283
4.21575
11.6796
0.185229
1.65487
6.0013
5.32123
5.52954
1.7782
8.436
1.99794
0.833909
2.58125
6.21308
3.7959
6.73408
4.96958
3.30028
4.68329
4.39845
1.89096
7.13766
1.08351
2.53023
4.92271
2.7247
3.47149
11.9123
9.86088
2.23179
4.55571
3.15266
4.33417
1.5157
2.40097
7.92818
3.1361
3.6534
10.4204
1.60807
1.57779
5.64381
1.70939
5.72832
5.97825
1.02199
0.521703
2.88501
0.732927
1.0735
1.0623
4.53518
3.09777
12.0752
8.08348
0.577214
5.56582
8.51021
10.2729
0.554065
2.35988
8.00416
3.90613
2.86911
2.90624
2.64876
7.62218
5.01652
1.96348
1.44201
10.3933
3.82223
2.23235
4.1195
5.4612
0.395894
1.10343
3.59545
12.3619
0.658572
7.16358
3.51671
2.27922
1.69238
2.97367
0.761413
5.30095
3.83467
6.91592
4.29204
2.70407
0.541544
7.14961
3.62606
2.68862
0.812812
0.332391
0.127915
4.23311
1.57913
8.46037
1.47879
1.85315
1.06577
8.09595
1.45859
1.15499
1.50599
4.99741
1.0536
3.55545
1.73575
8.8585
8.68815
2.6918
4.92903
5.1685
1.62405
1.84401
2.7924
2.0994
1.0909
3.35048
1.7313
8.45384
3.00313
5.17919
4.07769
3.5237
2.86269
4.72208
3.19134
4.16077
2.77995
3.146
9.83038
4.43349
6.42106
5.04114
9.14481
4.65677
2.14736
5.35077
2.27758
1.51727
3.20387
1.23543
8.14283
6.21462
4.64062
4.46256
1.21653
4.87675
1.90733
3.64693
3.78764
4.34316
3.32389
5.21876
8.63429
6.18023
1.15804
2.56972
1.44926
3.10911
6.34699
10.184
2.98598
4.03568
1.40056
4.10123
0.480107
8.36352
3.05512
5.70304
3.07498
2.74071
8.75322
5.47735
3.43388
4.91185
3.31903
8.5729
5.8865
6.53585
5.14292
2.38244
5.30752
4.1641
7.0641
3.68405
4.46723
1.50732
2.52552
6.1107
3.6254
1.34056
0.89712
5.01665
4.49308
2.80988
5.34062
5.23381
5.55949
1.68351
13.0814
5.05897
1.08019
3.45232
0.859541
1.87076
0.402185
7.5274
4.79621
2.35893
1.56258
3.22953
2.38233
5.75058
5.59409
2.56277
0.946274
4.03797
5.82598
3.80913
2.5059
0.53043
2.78044
0.893466
4.83509
4.16282
2.01161
3.1321
0.274781
5.1865
16.7098
5.27861
2.75973
1.27295
2.85142
2.18401
1.2752
1.25148
1.33326
4.48556
5.11228
0.941978
3.38451
6.99599
3.04055
4.64363
4.39598
4.61517
1.31243
4.48256
0.808037
2.11451
2.37465
1.35367
2.93242
2.77199
9.90045
3.73167
3.5073
1.63714
3.41543
7.45236
11.8428
0.920697
13.5578
0.628216
13.6986
4.07146
2.98943
12.05
4.24004
6.25077
6.7886
0.186653
1.7449
2.3186
3.20468
4.18175
3.24757
6.86516
2.52679
0.662526
1.0339
3.01905
1.28024
1.92433
1.14021
4.38821
4.3575
1.80648
0.745262
2.2486
1.00884
5.24381
1.63023
6.40491
4.19734
6.43871
5.27574
4.42399
7.48946
4.59332
1.78651
7.75615
8.30499
2.91459
1.96202
4.34906
0.873386
1.87988
4.51737
6.26817
4.33792
7.43472
4.90333
0.701809
6.81761
3.20867
5.29679
7.37261
2.9236
5.33579
1.91833
5.00183
3.33282
1.07049
3.54761
2.09139
3.18711
0.810329
0.928703
1.85108
0.237345
5.59799
8.49221
0.790734
0.540946
3.50805
8.03398
1.80974
1.12278
3.28464
9.45261
2.84793
1.58888
5.7862
1.76001
4.93023
2.75218
1.40097
0.688689
3.6149
3.71075
2.94387
1.4293
1.40196
4.73164
2.43784
2.51365
2.00242
5.43897
0.505967
1.87953
5.76591
5.23581
0.994129
2.73813
2.38142
2.43944
0.716174
5.23977
0.7057
8.83114
0.938272
3.6161
1.03714
0.198116
4.93469
3.42797
1.65379
5.25166
3.61387
2.9266
1.53288
3.26844
3.36782
1.09329
3.16767
4.1681
1.36735
0.720031
0.851868
2.13124
5.03898
0.686227
1.36858
0.663257
3.68458
1.82137
4.32273
1.76326
1.45869
10.4587
1.38971
2.36514
4.84271
1.8062
6.58033
8.00076
2.77815
3.0894
4.08753
3.80237
2.30092
2.13584
1.75678
2.72395
1.73346
1.74999
0.962453
0.312766
3.82081
3.69149
4.91358
0.430204
1.48311
3.25702
3.22914
0.618933
8.83025
1.38335
2.08427
2.99395
2.18409
5.69441
3.73819
6.81526
1.28053
5.28311
1.86457
0.926241
3.44529
2.38477
0.882115
3.70278
2.82554
6.77904
2.59982
2.56988
2.8109
4.4935
2.39868
5.37675
1.74537
3.51573
7.45631
6.17678
0.53738
1.55604
0.763192
2.51699
3.46135
0.726399
1.91828
2.77954
4.36317
2.65097
6.53269
0.184027
5.79086
2.21667
2.36346
1.43247
0.45997
5.73224
4.49276
4.62065
2.59958
2.79742
4.75895
1.39376
3.21769
4.84544
6.54301
5.15723
5.66292
2.21928
8.26832
1.2416
1.46873
4.07953
8.59223
0.86257
4.61788
4.90793
1.68941
5.50009
2.91482
5.42165
1.45663
4.09761
2.33275
2.66413
1.31315
3.9279
8.473
1.56922
1.27621
1.07728
1.30887
3.00723
9.36887
1.07737
3.53854
2.33725
1.76865
3.57686
3.87227
1.7481
3.20302
6.13164
1.51686
5.81255
3.56104
2.81949
1.37587
1.54021
11.3752
3.45016
1.29175
1.71752
3.46137
1.18887
3.59374
3.20274
4.29219
2.29787
13.49
4.42843
0.174201
7.59259
2.29701
3.26111
4.92093
3.04218
8.91744
3.20014
1.83871
5.70423
1.8399
4.63217
4.60106
5.18576
5.28399
1.95105
1.5506
0.252885
2.06119
6.30315
3.65663
2.19047
2.50251
4.69722
4.42778
8.11524
2.33696
10.9979
1.28876
4.02478
5.47952
4.61929
0.229294
6.97813
7.70394
1.0108
1.2373
4.75512
1.95794
5.85253
3.72874
0.365803
0.487044
8.3097
2.92573
2.83563
3.47704
5.72039
1.50916
2.0831
2.3006
6.41408
2.51249
2.68723
2.50523
0.901747
5.99662
2.35829
5.08348
2.38846
4.01329
3.41901
1.7572
0.98479
2.4954
1.81256
1.29988
6.61666
10.9566
7.17046
2.01549
4.71295
6.90517
0.914128
13.9853
0.933653
1.64351
2.30944
4.69158
3.95837
2.31028
1.70751
1.3876
3.87673
5.68987
5.5489
4.9207
3.10931
2.27218
3.42403
4.14341
4.87347
1.26913
11.9969
0.691907
1.26254
14.5591
1.94265
5.41147
1.00607
7.88397
4.63074
1.35892
2.90526
1.25462
2.98117
4.15826
6.3706
3.84633
2.41876
2.89241
2.30171
6.34456
2.52475
1.67192
3.86183
0.760391
2.63062
3.87482
3.10276
2.27048
2.16304
10.6813
5.07541
4.0635
1.21591
6.04458
5.37685
6.33151
2.06476
10.5524
2.28724
5.4275
1.45433
4.91704
1.55785
2.9198
5.42831
1.37266
2.37066
3.01981
2.22405
0.72622
2.34224
3.174
1.22613
10.3188
10.0222
2.50723
4.42594
0.8419
0.868364
3.39676
1.3245
3.22967
2.56763
6.8563
2.52738
7.43682
3.64211
4.1509
1.79443
8.65412
4.76655
1.12433
3.11437
5.22158
7.06117
3.99991
1.89897
4.0788
1.07648
4.54553
2.97002
2.71908
7.79339
3.37387
5.6407
2.34035
6.42888
10.0607
12.6531
3.60189
0.544138
5.19671
5.55825
0.295128
2.11326
4.14817
2.88836
4.29403
6.05318
5.4827
3.06687
3.24664
5.31656
0.93917
5.97846
6.48541
10.7237
5.26013
2.19136
1.06439
0.451408
2.48533
2.69871
1.367
0.918711
7.46329
4.83252
0.66372
6.28506
6.03227
2.93186
3.32052
3.73842
0.903017
13.9444
7.39785
2.0095
4.97876
7.16521
1.01336
2.22767
1.41943
0.835794
3.0478
6.20363
2.77811
1.69281
4.89446
4.9359
3.06979
9.78639
3.11017
5.22585
4.41001
5.68146
1.72408
3.43532
5.54043
2.30504
2.81535
2.55201
4.00304
3.21359
4.41769
2.80918
1.9775
2.18505
3.4768
1.79772
0.982223
4.842
0.570512
9.58493
2.46818
3.33919
8.03838
3.38682
1.78747
4.07171
4.10653
2.03504
8.21422
0.817906
4.73175
5.1587
1.85884
5.61927
1.08017
4.21004
11.3715
4.62264
3.56163
2.84382
3.08551
12.1786
1.20192
4.54847
3.28027
0.798673
3.39546
4.25093
5.91165
2.88703
12.8668
1.21839
3.34291
2.15161
1.94374
16.3084
5.61623
12.3343
7.80433
1.72736
2.88798
7.04279
1.72745
3.54866
2.83626
2.44553
1.8046
2.486
0.698711
10.5074
0.850382
2.46552
4.33081
0.582889
1.80069
1.74202
2.4062
4.93671
1.47211
3.96877
3.99769
2.60802
6.01628
6.42606
4.91563
0.391521
1.74339
4.29425
9.36701
1.56028
4.88641
0.828464
5.01917
6.83213
3.50733
2.70218
1.30119
1.52933
1.08404
4.36741
2.63887
9.25678
1.01664
0.602027
7.12943
1.83139
5.39808
4.51889
2.31383
8.45258
2.78421
1.75379
1.7602
4.55288
5.90878
3.78833
1.40678
2.25717
1.85349
2.6285
5.27318
1.02535
2.84114
2.08445
10.1434
1.74469
1.81146
7.82992
4.50323
4.15721
3.86413
3.10871
5.17701
0.666385
1.93775
3.78239
6.33929
4.78007
4.91625
1.00969
0.884782
5.36121
3.41103
2.56387
1.71601
6.02524
2.78826
3.0142
5.15826
4.26833
5.98149
10.745
3.56724
3.13519
3.79231
3.95011
1.8267
5.78893
2.16032
5.64625
5.24965
6.56556
5.45118
4.12728
4.82927
0.0536906
1.34448
1.0242
1.59912
4.7823
4.95042
2.66363
1.61943
2.62929
2.17213
5.6884
3.7978
0.398102
1.34346
2.8881
1.96268
5.2382
9.99875
2.25716
0.707605
2.50075
1.68682
1.94194
2.35406
0.618381
2.26238
3.09888
6.73503
5.31475
3.09802
3.63829
4.83902
3.29051
2.02227
2.74642
1.02278
4.47819
6.68861
1.37515
6.33163
8.22719
0.382188
2.98946
5.36
2.60892
4.47858
5.10378
3.04126
2.51744
2.97054
1.84428
1.27025
3.30388
2.88641
6.12645
6.3838
3.22552
5.21382
1.57813
2.22665
2.80022
7.39125
5.75098
1.17814
5.55301
4.35128
0.339649
0.667303
1.10699
2.84869
2.06122
2.58337
13.058
2.88691
6.73415
0.948752
2.40789
8.02767
1.33151
5.40946
4.98333
4.86889
3.91415
0.874419
4.94751
4.25386
2.83423
2.00672
3.2
2.10354
0.21454
1.54412
3.79234
5.32603
0.327766
2.09032
3.62077
1.41112
5.02465
5.911
3.58969
2.54661
1.71411
0.518471
9.75594
2.65672
10.209
2.4157
3.41248
2.41617
1.82088
4.5614
0.859283
2.07542
7.10033
2.08562
3.47276
7.29176
8.15478
4.29315
3.08744
9.55226
5.33251
2.97561
2.39133
0.938243
9.18155
5.20691
2.68425
3.55916
12.8733
5.79871
6.43308
1.1527
2.37708
4.03286
3.4725
2.33244
1.82965
2.6353
5.87941
7.65362
2.50292
4.58923
5.96065
5.17353
5.75812
1.57141
9.14255
8.41443
2.72068
3.52202
3.50784
5.72481
3.39808
1.68003
3.28893
1.18918
5.94057
4.02658
6.40757
3.62995
5.40225
1.42691
1.75691
5.15982
1.62389
1.83773
2.69297
1.06508
6.99394
3.09523
2.03153
11.1376
2.39334
5.4891
5.61738
4.55454
2.80468
8.91752
5.52692
3.01702
5.99559
3.21894
3.52381
5.98012
6.9832
1.52913
0.217553
3.64564
1.85702
2.48529
2.122
3.54842
4.00355
1.54255
1.33956
0.953339
1.26059
1.97286
2.35093
2.95847
2.64965
1.47503
2.91959
1.75661
4.36831
7.23889
5.47203
3.86835
0.95795
3.33909
1.70697
8.3964
4.72818
2.52464
10.7444
2.44509
6.63071
6.00583
4.17817
4.60014
7.13151
4.4365
0.366164
3.1238
6.49976
3.64022
3.52421
7.93371
3.65079
1.3652
1.45546
4.36942
3.46053
1.89365
8.03459
8.2491
4.13515
0.642351
2.44726
5.18635
0.532728
4.28692
1.96286
2.4554
1.52133
0.702882
5.86701
2.08748
3.60843
3.40193
2.9059
2.08298
3.62671
4.58639
2.09602
2.71189
1.99261
8.16457
0.729201
3.26495
4.46768
2.94642
2.27097
5.56986
3.54356
2.47813
8.65652
1.28951
1.50234
3.97756
4.83553
2.28213
1.62488
0.621261
1.81558
2.90963
0.868945
1.86168
11.1724
6.07122
8.82926
0.542133
10.8319
8.14386
1.69166
1.92278
2.21533
5.27719
2.32292
1.46716
6.49439
2.26321
7.40752
4.82426
1.92896
0.89812
0.555138
5.66722
4.39869
3.30012
4.5987
7.96208
5.64473
3.77832
0.305933
1.46083
3.17538
1.01729
2.27636
6.02043
2.73709
0.595729
4.76774
5.19941
7.1561
0.986348
3.0848
5.67685
4.03822
9.10535
2.77638
4.85182
6.44023
0.293033
2.81809
5.71933
1.52668
4.29692
4.5087
2.29503
2.5366
3.88458
12.634
3.4729
4.73497
6.51887
4.43011
1.18581
1.45578
2.94376
1.3003
2.75707
5.51586
10.3134
1.08821
2.22964
1.09297
3.75483
1.91049
7.48172
4.26603
7.72392
8.99316
3.13655
1.03627
5.26336
11.2017
2.8353
1.70573
3.85208
4.78877
6.11591
2.69279
3.31438
12.5946
6.41731
3.62731
2.05648
5.02184
3.60557
11.4767
7.30511
3.36633
4.6223
6.15979
3.62127
1.01417
2.61255
1.58318
0.478441
2.50233
3.32841
11.2962
5.90023
1.02491
2.51244
7.31022
5.82163
3.41372
3.36116
2.01678
7.99713
1.18654
2.78315
0.69086
0.708492
1.6718
3.87455
5.24485
7.67398
0.233186
5.58522
6.74088
0.647978
3.98585
3.63285
5.66632
12.6419
2.20943
8.40859
9.4606
3.61901
3.44774
6.56453
6.73743
1.63592
4.19185
2.4195
1.22966
2.40047
2.45555
1.75324
2.07959
4.54301
9.04054
0.50507
2.92239
1.41866
0.404363
13.5037
5.76168
2.73092
3.82509
3.49361
0.782352
2.81377
2.63775
3.07609
5.87277
1.22013
1.96587
2.30471
1.54249
3.94735
0.502877
2.11076
6.90205
10.389
1.31838
2.875
10.8713
5.02024
0.829494
3.87708
1.11451
3.86624
4.79457
9.93782
6.91057
3.10688
3.37022
5.77466
5.04869
3.95902
1.50706
1.97086
6.10595
2.95629
2.20549
3.13617
5.86419
0.714908
0.865012
2.69147
0.114731
2.92548
4.66217
2.51726
3.05746
0.451769
9.4152
5.09084
5.02805
6.74614
5.5638
3.92666
0.643309
5.3992
9.17667
4.30945
5.30149
2.69492
9.03001
1.53179
13.8657
1.018
2.19203
2.33357
0.699366
5.79468
7.24239
3.35964
5.06704
3.63851
3.52498
5.21143
0.608324
1.93191
5.60799
5.90587
5.14472
8.16807
1.99442
4.15438
1.64205
0.896389
5.10012
3.97851
6.30896
3.56182
0.139638
7.24918
7.39841
2.73607
3.46797
4.8857
2.63655
0.462223
2.63392
1.45753
5.8258
2.68385
2.77928
1.49335
1.19809
3.17705
2.58264
4.86267
0.452429
2.4058
2.40041
3.68122
1.94112
6.29251
6.83994
7.01936
1.41655
4.17885
2.72832
2.31058
6.33086
8.13732
5.16234
3.91421
2.00465
2.74413
1.34574
0.273008
0.442606
5.70143
7.03556
4.11776
2.51364
7.80423
4.96918
5.50703
3.51526
8.43723
3.41781
4.43453
2.68243
2.0455
1.05089
4.5795
2.18401
0.378576
0.99412
2.69786
9.90736
4.00882
13.928
5.54418
4.1586
2.67997
4.76517
2.42436
2.68202
14.6957
3.2563
4.05609
5.69264
0.867463
3.3172
2.09574
2.28455
5.10685
1.23866
1.30904
4.66885
0.623718
0.952063
4.00804
1.80426
6.39248
1.10728
2.72163
2.48574
8.33516
9.50932
2.19231
2.69586
8.58059
12.0883
0.673681
0.979439
8.0032
5.9516
4.14188
3.268
4.05034
6.44182
7.93695
8.28421
11.3723
0.293063
2.94867
8.44595
0.416823
5.97284
3.13904
4.42597
0.395858
1.23684
5.19735
5.28868
1.0773
2.46788
3.04571
3.77068
2.87346
3.19149
4.19877
3.22713
2.73565
6.18467
2.56842
5.55237
1.2292
2.76172
2.18687
1.23201
4.82705
2.94712
4.1545
5.83808
0.341977
1.92719
5.23419
2.06952
1.1038
0.779817
11.4551
2.39081
2.17855
3.04914
4.24597
4.76177
2.65153
4.53106
1.81989
2.25429
2.36595
6.32712
1.29624
7.23978
2.38385
1.96098
9.14002
3.70151
2.18926
3.91737
10.9209
8.49405
10.4324
1.47461
2.4575
5.37228
2.83525
8.24034
4.11268
7.29627
3.14723
2.70555
4.71788
6.62057
7.68773
6.91486
8.23275
2.47098
19.2674
4.29082
5.36627
2.84691
0.187006
7.99986
2.76096
4.71229
2.27252
4.61125
3.92752
1.69597
3.69232
4.03772
3.23219
2.71046
5.1374
2.43243
2.443
5.83455
5.99602
1.50477
2.4673
14.2895
3.59026
3.22134
1.39073
0.736694
4.4507
7.56291
8.90055
9.66857
5.79517
2.02772
2.09584
6.06275
5.29184
3.66799
1.57428
3.61418
5.2345
3.75107
6.21992
3.24597
6.61729
4.47821
8.56727
3.60478
4.43385
1.80722
1.64521
7.3159
6.19161
5.6408
2.69584
0.702637
3.5937
0.575607
4.15804
5.08864
3.09304
2.43974
1.63762
2.89641
2.36373
2.45385
1.32117
0.390974
0.961542
2.23173
2.06632
1.52945
0.699448
2.68389
0.812465
0.530627
5.3513
1.8049
8.21576
0.677438
6.0648
2.38825
4.30426
3.5814
5.03165
2.54363
1.44739
10.3845
5.08591
16.4839
2.79634
1.1474
2.52241
4.47734
3.24457
1.93565
2.98525
6.82799
3.08471
8.21874
3.61008
1.46956
3.0803
5.73866
3.91619
5.1162
2.11611
0.513451
15.5965
5.66629
20.3296
3.43466
2.30752
2.85012
2.59789
0.767244
10.5811
1.48295
3.4893
3.09076
6.02307
5.24671
1.54672
8.99778
2.50054
7.2106
1.64143
1.01221
8.64563
1.14983
2.391
1.18205
2.13385
6.65396
4.97726
4.77569
4.11287
2.98428
3.90188
0.571703
2.28266
5.71085
4.25721
7.42942
0.499656
0.423582
4.9051
1.48909
3.85833
1.52034
8.511
5.27127
11.363
5.49489
15.5512
6.12903
3.48535
0.848973
11.5496
0.588214
4.17308
8.91945
1.85948
7.59422
1.3093
2.22991
4.09557
8.58773
6.96065
2.19802
7.66044
3.71716
2.2658
2.98598
7.61283
9.20414
8.76215
2.45254
3.22169
1.37032
1.19734
1.4969
4.11726
9.72374
0.452092
2.71201
10.5008
0.949161
7.90764
1.5015
1.3485
3.59378
2.68651
2.45994
3.07836
3.83422
0.66262
5.23086
2.89343
3.99237
9.37691
4.20588
1.79651
0.5308
7.84577
4.11027
0.89913
4.36471
4.54834
1.4288
8.18387
3.85705
5.00845
4.898
5.56457
4.35053
3.7331
8.81386
0.712958
2.15367
2.14932
3.2003
1.67436
5.5154
3.76627
0.477292
1.16004
1.76757
3.28652
1.0251
3.346
3.5757
2.25494
1.93354
2.00099
2.44929
8.30043
2.02075
6.96905
7.17941
1.99486
0.966589
2.64484
6.86439
7.88204
3.03546
7.19212
1.03004
3.42821
7.68137
2.09226
7.65179
3.15904
3.38522
0.681049
2.80672
3.85676
1.12627
14.7816
12.2878
2.82552
5.29387
1.74223
0.657291
0.840364
7.03702
4.21123
3.55036
0.0461293
4.13304
2.512
6.02921
5.06862
0.697411
2.97204
1.58055
6.35275
3.59948
6.18461
14.2148
3.45685
5.04677
7.50448
3.18463
8.1812
4.25514
6.1269
3.09709
2.1799
4.28315
4.8021
1.84397
0.625957
2.29154
1.7125
4.63202
3.33411
8.51841
5.88099
9.31532
2.41439
2.6148
4.85045
3.82336
3.97706
3.51926
7.17318
2.92881
2.11307
1.66075
2.63042
2.22245
5.5819
7.78621
5.17542
1.68661
2.45069
4.9232
1.01218
1.58579
1.65624
2.0743
1.58475
0.563049
0.128859
0.490593
3.24765
2.00616
1.90581
6.28146
1.12786
0.697767
3.81743
3.13637
4.99811
4.16183
1.64851
4.89058
2.71392
1.34917
4.02283
6.70225
2.04864
5.88617
6.84729
0.845399
3.35831
2.9451
4.58882
6.18064
3.23424
1.35604
3.66256
4.2881
12.6395
5.51775
2.88468
0.929605
5.69605
6.10383
4.33504
4.80899
4.14815
9.14507
0.501751
0.708886
5.81791
4.92107
1.93418
2.6704
5.43917
2.59608
1.90941
7.85191
5.89596
1.74749
11.6973
2.36464
2.89632
0.62587
6.41137
0.286936
2.72689
7.75782
1.48047
0.4909
1.23932
2.91857
4.07092
9.87499
3.86397
1.80993
10.5177
1.04559
8.19812
5.70869
6.78116
5.03059
0.426309
4.44632
7.8401
1.5989
11.6953
1.47199
10.5101
3.11157
1.80077
3.11751
4.83359
2.68949
4.97464
2.09548
1.58342
5.41881
1.84508
0.938109
4.32334
3.12827
0.858432
1.92977
10.5417
2.60744
8.38501
2.86438
2.3938
9.49418
5.22388
6.08181
5.21846
5.46491
2.37438
0.828079
6.75856
0.172208
4.31596
0.884026
2.52368
1.91691
9.68649
4.09163
4.23788
2.49143
3.11017
4.75043
9.84514
1.7341
5.64329
4.4863
2.87753
0.774627
2.73015
3.39539
1.24831
4.08417
2.84602
3.06413
0.136791
0.97567
0.478799
0.869091
11.4127
3.81805
6.46881
4.35869
3.05827
1.3153
8.23797
1.92296
2.63951
3.29843
1.82449
2.38098
8.7577
3.29372
1.28139
8.6946
1.15058
0.690464
3.82906
4.65322
3.07211
2.09846
6.43025
3.02506
3.40103
2.01091
3.07521
1.69968
2.16261
1.73485
4.4708
1.6146
1.28111
3.38501
0.169844
1.58839
1.28965
1.21546
4.30318
6.35053
0.710284
9.70251
0.820945
5.98648
2.86872
2.05921
3.98338
2.85087
3.70104
3.01513
1.86163
1.55648
0.369132
3.33582
3.72795
2.03035
10.5003
1.80323
6.32111
12.1289
0.457029
4.7137
4.50518
4.24207
3.33321
4.99726
4.37137
3.64328
5.55039
0.787901
1.33047
5.42902
1.74593
3.8191
1.56793
4.35833
2.80199
5.57873
6.15468
8.51363
3.76863
2.26678
9.09504
9.18858
4.2714
0.922295
2.51652
3.04444
5.68018
2.22417
3.62121
1.36785
1.61878
3.99059
2.62266
4.3169
15.4534
4.39589
6.09052
1.41499
7.4143
2.14816
9.26311
2.13413
3.26422
2.56245
2.75132
1.96579
3.52362
0.992496
1.36652
7.61632
3.59738
3.56522
5.21908
5.30333
9.7993
2.30147
4.45708
4.57352
1.48608
0.861601
0.681757
0.862807
1.50824
4.40397
8.4359
3.50998
5.12946
1.0344
5.76338
2.34121
5.02356
11.0075
3.00686
0.299634
1.2647
9.08443
3.53915
3.93198
3.95796
2.36275
1.85649
1.96584
3.01409
4.28023
4.02291
0.845931
6.20202
2.45333
4.63021
3.10213
7.29832
6.28415
0.745419
8.11196
1.91939
1.80182
1.38468
2.51113
1.01439
2.61799
0.710041
3.32142
3.90847
1.84509
2.02443
1.32971
3.55178
2.24747
4.27293
1.67274
4.6049
3.66834
5.07362
3.52947
3.14509
7.99664
8.35409
0.930392
5.17407
4.22662
4.24445
2.44707
3.0954
0.435771
1.79069
6.37937
6.7044
6.06061
3.97408
6.75217
3.84017
2.0083
4.88453
5.73717
3.23202
1.42885
2.22886
6.28934
1.55405
6.55268
4.24594
1.04156
7.70221
6.22291
2.77191
5.78399
4.57637
4.01555
1.25501
0.887018
3.58753
3.12747
1.97926
0.471212
2.32722
3.43832
2.84416
2.1346
4.86884
2.73347
5.21297
6.42975
2.40165
6.13704
1.52195
4.72521
1.59427
1.85615
4.0138
5.2208
2.15701
6.50903
5.29022
2.31793
8.53873
0.413431
6.41948
2.66634
3.60244
1.95766
11.6114
5.64399
9.65827
5.72125
3.87155
4.80497
9.37007
3.94867
3.78189
2.28885
1.53312
1.6066
1.04639
9.41493
2.63393
4.2519
5.26624
2.05309
4.7404
1.06653
11.0218
6.38601
5.75741
4.3012
6.37277
1.77862
0.878309
2.97442
0.852306
5.05122
0.750228
5.89434
3.42914
3.00521
2.54938
3.1362
6.78972
4.06646
8.10565
11.1537
4.50456
6.70331
0.991661
3.18925
4.28295
6.07579
4.22622
1.9824
2.72137
2.37841
3.3656
3.63826
1.08573
3.20234
2.47903
5.29969
9.09602
4.91791
1.38776
2.35169
6.48073
9.38876
0.903237
2.9868
6.63057
0.778135
1.63443
4.11532
3.61335
4.84319
0.923261
4.31125
2.2562
11.5524
4.38496
4.14517
3.2837
11.227
4.67302
10.1121
2.09516
1.2756
4.63702
1.60629
1.43686
0.667838
4.07952
2.33157
5.53517
4.25934
2.78356
6.57406
0.539891
2.75933
2.75031
3.95916
6.92165
3.90733
0.627462
5.19902
5.86631
0.710636
0.220535
4.82918
2.09885
6.88585
12.055
2.95128
3.79389
2.49713
5.58636
0.730086
3.48429
2.23345
3.60018
6.63843
12.6672
3.22125
1.76837
2.1734
5.3426
14.8279
2.95125
3.4575
3.79179
4.68663
2.88014
16.2489
1.41193
1.19695
4.05496
0.550069
3.64408
3.80399
2.36881
2.46771
3.8732
6.86067
1.90513
5.74202
6.10032
1.55276
6.63643
3.91152
3.46328
3.62828
1.36386
1.35712
1.38083
3.7801
7.1149
3.39122
4.84678
1.66222
3.70299
0.942453
3.79822
5.04301
1.33925
5.89641
2.44846
3.65814
0.336452
5.79579
5.94247
5.07513
1.67577
5.42932
3.82528
1.0862
5.43063
1.74349
8.79269
3.77352
1.2577
9.95509
4.40107
9.3801
0.522619
4.434
4.97565
3.99345
4.40768
2.62312
5.18315
6.49577
4.75088
7.03586
2.82771
9.57504
2.76635
10.4016
9.35285
14.0887
4.12201
0.682332
4.0245
2.70716
2.78198
3.38465
2.16573
9.95375
5.81776
6.15568
2.42476
5.57401
3.12878
2.20096
8.69728
9.72193
1.98126
2.0191
0.211727
2.62455
1.85404
8.88518
4.31298
2.83107
2.53617
8.01667
0.953795
2.98266
0.862077
7.80238
0.170293
5.6483
5.96331
2.38093
1.93943
1.77958
1.23642
1.97644
2.00507
6.01813
0.743632
1.43092
3.19649
7.6817
1.61624
6.50539
5.5613
1.89842
3.97812
4.93316
2.34092
3.64874
7.65903
9.76939
0.5543
4.66705
2.19201
2.89004
5.90182
2.16461
4.88494
5.94377
1.60817
1.10115
4.66622
8.93223
2.92488
1.39297
2.21826
7.58212
1.04495
1.79355
3.30483
1.70636
5.14394
0.697078
1.09258
1.21397
1.19585
2.48735
3.73463
0.354316
7.71541
0.613465
5.59162
4.1482
1.41353
5.87006
2.01386
11.9676
5.42684
7.93804
1.05494
2.24706
5.10116
2.12122
2.3584
3.24563
9.60303
1.50375
4.01862
5.96684
3.32288
2.12556
3.47844
2.83354
4.02165
2.13837
7.58661
1.72682
4.75029
6.29495
4.76473
3.56628
6.43675
0.860879
5.52293
3.73984
1.40512
2.59366
3.70082
3.26439
3.17369
1.79904
4.18752
1.48743
2.39953
3.86043
8.12887
3.3314
1.61789
7.43965
7.15559
3.70508
6.2726
10.8998
4.99864
5.12337
0.880355
7.72895
1.56016
4.42114
3.04378
2.00167
3.69379
4.14022
5.62771
5.84325
2.45709
2.48314
10.9291
1.28395
3.65534
6.47541
1.98248
0.816783
9.64369
1.9762
1.04112
1.8409
0.927684
2.36407
2.00564
6.55435
6.61511
2.06722
3.82748
1.82119
2.49886
2.02585
2.6319
12.1692
4.7004
15.9247
4.80582
2.79428
3.34902
0.743402
6.03105
2.07587
1.37862
2.4879
2.28393
1.70971
2.08
9.48225
4.14672
0.32641
1.88359
6.52067
9.0017
4.13149
2.39177
0.626863
8.7725
15.1394
1.11393
9.6202
2.2573
1.6969
3.04556
1.70898
4.09381
2.31246
3.01232
4.69996
4.20783
6.047
1.3707
2.08719
0.766364
4.60691
11.2692
5.49691
2.77039
3.76627
3.62664
6.07769
3.56982
2.19322
1.2312
3.98664
1.95914
5.95436
4.40872
1.68679
7.59292
2.86943
1.37587
3.99014
2.98227
6.50403
5.00724
9.27892
3.55626
1.89338
1.41583
1.90982
0.707708
4.31354
0.550433
4.97029
0.167717
4.46592
5.83737
17.7578
10.5202
11.067
4.84021
1.36174
0.678826
2.99456
3.55347
6.92142
7.27958
6.38679
4.45401
2.23181
6.53993
2.26147
2.13859
2.60715
5.85245
5.51781
2.98512
3.99525
4.39482
2.32379
4.4493
4.31336
2.11562
6.09801
4.88418
3.25218
1.49272
3.00474
7.41708
4.78128
2.45271
1.58372
8.31086
0.809242
6.52462
3.20063
3.53412
5.14123
1.11844
4.56929
1.46014
5.29751
1.11129
0.485968
2.08829
4.11468
4.80204
7.88429
8.83653
2.30755
4.5725
10.1287
1.70681
0.794823
7.57164
5.24022
4.43831
9.31018
2.89695
4.7631
4.44435
8.1989
0.605501
2.65143
2.4907
9.038
0.592565
1.82624
2.40618
10.5487
7.53709
8.02756
0.72717
6.33251
4.79616
1.6341
2.50033
0.899372
3.44427
2.20139
1.85759
5.59831
5.69749
1.51998
7.58352
1.16256
0.536722
6.25819
1.24783
4.40744
14.4044
3.82014
1.01406
5.74962
13.8888
1.40247
10.2999
1.6714
0.803964
3.05481
0.418497
3.15652
6.9814
5.75157
6.68865
8.34323
4.38694
6.5842
1.68457
0.381731
4.38293
3.33541
4.36917
5.73655
0.872466
6.78173
13.4353
6.82271
3.23259
1.80072
4.81409
2.58035
2.53913
2.41059
4.21105
14.0629
6.62452
7.16036
4.00807
1.8591
0.556223
2.89
2.20878
1.41857
2.02435
4.88994
3.44204
1.38386
1.73925
11.162
5.70083
7.19396
1.78484
8.73263
2.36411
11.2989
1.80054
3.44333
1.28463
6.03107
4.57597
0.119651
2.69512
6.86871
3.31554
4.15949
1.05995
1.7081
3.7805
3.28435
4.23661
5.69865
2.10127
2.33398
3.3747
5.36347
4.66126
3.09787
0.436672
8.4678
3.3409
2.56093
2.75644
2.91883
7.84164
7.1603
4.05861
12.3697
2.06814
2.7642
4.45116
4.416
2.26382
5.3336
2.55649
3.9268
2.79602
2.88505
2.83627
7.58852
4.14541
0.673694
2.71958
6.07678
1.70894
3.48367
5.64809
5.93699
5.57992
0.93216
5.43296
4.47982
10.3042
3.57854
4.47337
4.3232
3.32929
1.17273
0.950111
2.88269
7.16525
12.8926
2.09305
4.04054
1.8364
2.83311
5.15201
4.24085
0.397545
2.66872
3.14501
1.34777
2.55653
3.26098
3.14696
3.08996
2.71736
3.96112
0.449233
5.16009
2.19287
3.52027
10.9956
2.36445
8.22069
3.21553
1.15098
6.76391
4.00232
5.45424
3.56375
6.49081
4.83802
3.44821
2.68145
2.53685
4.46648
4.97746
0.225931
6.82239
6.60403
10.7275
1.16092
0.76283
1.34645
3.43633
6.58766
0.447961
3.2859
6.84309
1.53776
1.62223
3.6556
3.2236
3.61224
3.08844
1.51672
1.53464
5.48308
1.10098
3.0117
3.41703
0.758649
2.45477
2.99326
6.22696
11.5872
2.67372
2.15521
1.44976
2.05647
1.24117
3.98042
2.12864
0.310816
5.95597
0.228819
5.89137
1.22793
3.63726
0.756444
3.34181
2.81089
2.02939
2.59865
9.10077
4.19001
1.52913
4.48203
5.11144
2.84992
1.6912
2.20682
4.71429
2.78947
4.89668
4.25166
3.07499
2.83375
2.42223
3.68621
0.655049
3.41987
1.76456
3.02108
10.7696
4.15849
2.05677
1.09996
2.43462
5.63209
4.46701
2.10162
3.76292
1.11717
3.17069
2.05742
0.910225
4.3966
3.67221
7.40468
12.5706
0.976537
3.12628
4.77278
1.21992
2.79304
6.0199
4.0598
2.72732
0.119379
11.1078
3.46373
2.55486
1.67718
6.17675
2.45471
8.94248
5.10372
6.21064
2.55095
4.22929
3.85174
5.66212
3.69023
4.07548
4.11255
5.27824
4.12867
13.1485
4.91649
3.32011
10.0129
1.16311
2.24209
1.58361
1.20099
8.52348
5.68518
9.03515
3.78468
2.05066
4.21697
10.7585
1.12125
2.13518
4.2681
5.08033
8.99329
6.11575
0.929319
3.82181
5.08852
3.12207
8.65348
2.18366
0.930044
7.61299
6.23443
13.3931
2.95302
11.5534
5.76129
6.2137
1.56258
2.46821
3.81617
2.66306
1.31745
8.87217
2.10875
1.30571
4.18009
6.11291
3.28892
3.10691
2.30444
5.77123
4.36996
3.23823
6.017
5.35604
8.29728
3.50648
5.55691
11.2928
8.98948
1.50691
1.62394
3.50001
0.751973
4.82303
4.205
4.51422
4.80733
1.60967
3.14414
9.2607
1.6243
3.30576
13.4719
5.26676
1.05486
2.76652
2.07712
1.91398
1.26998
8.46267
6.55169
1.40229
7.04892
5.76999
2.64858
5.47948
2.10865
14.6668
6.82604
2.35761
5.8976
3.42612
1.70406
3.03184
2.02949
1.18497
0.672651
2.52666
3.63547
6.67974
1.64061
1.55732
0.580808
3.23333
8.29709
5.11271
6.86986
2.58418
4.32524
0.708261
2.65679
3.80884
6.23052
17.6535
2.14226
3.18894
10.8201
5.27164
8.17462
5.17256
13.4977
5.44149
3.91124
1.35372
3.28034
1.22419
6.08386
5.36792
3.49076
2.33071
5.02773
2.61565
2.24154
1.02253
2.27765
3.91269
3.51412
4.7008
8.69815
6.06621
1.77715
4.01835
2.079
2.59393
0.883864
1.74062
3.50561
4.46479
2.101
0.60286
9.61827
3.86059
11.1851
2.51909
5.28869
1.13381
0.948579
4.86335
3.66144
5.50287
5.29051
8.0925
5.61852
2.42178
1.86216
9.59356
3.08695
1.49116
6.65558
0.952268
4.40789
5.08865
6.43404
3.17364
9.36995
6.74214
4.98248
8.45828
7.72435
1.95453
10.5965
5.12777
12.7291
2.81363
5.62994
2.51579
2.34547
12.6553
3.86269
7.11567
4.22122
6.2342
6.07415
2.38249
1.82096
1.6786
22.9797
10.2932
6.32098
7.84182
5.09053
5.65088
7.72565
2.40895
5.04872
7.18221
6.82629
2.00861
2.30611
3.11478
2.22843
4.58399
3.63509
8.54209
7.06872
2.3543
3.59839
6.93259
2.1829
6.88409
3.89364
5.36167
2.77403
1.49201
0.999906
0.803418
10.1265
11.0778
1.95553
2.25024
2.41386
1.32017
3.18715
1.26472
3.69021
1.64211
4.13424
0.602801
1.23876
5.82987
4.46977
5.52212
6.11434
1.91856
7.03123
5.34715
1.06143
1.81703
2.62008
0.903642
9.19255
2.4033
5.80541
7.81383
3.35829
2.20965
2.35478
3.71879
2.62755
7.75562
9.313
0.456985
0.438337
2.79747
1.67198
1.29782
6.72225
9.78046
7.3653
0.718271
1.32206
4.13367
2.1199
6.11353
5.27874
6.04421
0.674619
1.56832
6.98265
14.6866
3.18813
1.54722
3.05689
5.41222
2.86716
1.33198
3.26081
0.770546
7.97025
1.59715
0.907055
1.12716
2.10872
14.7955
3.45963
2.39324
18.9404
0.286968
5.38467
2.90101
4.33095
2.02522
3.79465
5.75921
0.916375
1.74119
0.669537
6.69061
4.43103
4.23269
3.48339
1.70692
4.81606
2.38295
3.77241
8.41182
4.67847
7.61058
2.14624
10.4888
1.4785
5.8715
3.74839
1.51365
2.19348
7.64291
2.21898
1.94457
0.569325
6.81394
1.02698
2.65585
0.313271
2.73576
7.87306
3.94331
2.31812
2.48313
1.16316
8.35521
7.69989
4.60701
1.83911
3.59495
5.42476
1.73586
3.41252
5.62407
10.0296
4.63285
8.35216
1.90555
1.15921
0.534165
1.78367
3.55983
1.05728
4.44804
5.99528
5.04298
2.58246
4.80745
0.71526
0.936511
1.02565
2.67859
3.00402
5.13381
9.8206
1.59413
4.10662
2.27953
3.06547
9.25061
3.51488
1.03287
8.59016
4.42944
5.26901
1.23016
1.73959
8.90903
0.976079
0.765256
7.46035
6.81423
3.65971
1.12177
3.32759
6.45505
1.28032
2.00714
2.12852
2.73381
2.78999
1.67197
8.65899
2.59447
13.6427
2.36742
1.15461
0.780008
0.26903
4.51688
6.32177
3.16757
0.114228
6.86112
6.5787
7.12392
6.08052
8.60779
3.28107
0.884051
2.24171
5.7421
1.4431
2.66776
7.64261
3.48512
3.02727
3.7191
4.7993
0.975768
1.53294
2.94816
9.61293
2.20176
5.52509
3.32944
1.18235
3.4293
6.42174
1.50556
2.6232
14.9252
1.57245
2.35947
2.52047
2.29865
4.61897
12.7731
5.16776
2.42654
4.70829
4.02748
1.30811
6.81196
4.97726
4.71346
6.69927
9.28266
2.97857
3.46672
5.81096
2.70651
9.29725
1.22596
3.48484
0.562863
1.36284
6.22808
3.63923
0.365328
7.06852
1.99533
7.21129
4.61908
1.50956
4.62862
7.34171
6.81749
1.25103
6.45093
5.54302
2.96686
3.2492
1.9467
2.55076
1.51279
4.06828
1.5111
1.22558
1.62291
2.64367
1.86288
4.62958
2.86915
4.20457
3.28823
1.48024
10.5945
2.67841
2.23179
3.45324
5.32189
1.86753
1.18762
0.969804
9.00007
0.837684
1.01632
0.976132
5.09856
2.69005
5.23429
1.08079
0.51092
3.97484
10.3455
5.64919
1.99997
11.6766
1.17419
4.88595
1.16562
1.8527
0.384946
7.86303
3.92936
5.08659
3.077
3.08443
2.73287
2.07479
1.4697
1.8691
0.991228
3.67016
4.3127
1.33769
0.720714
8.06151
0.503955
2.67389
3.13572
1.24563
7.37366
4.12574
1.9066
11.4812
3.39265
1.71075
2.66982
1.98535
3.25003
2.55983
8.95248
4.53754
3.06157
3.63056
2.29008
4.88611
1.80085
4.60325
1.52113
1.21745
2.07256
5.27446
2.39185
8.31331
4.23555
0.675572
3.55629
2.33791
5.82905
2.06628
9.24839
0.48938
4.40234
8.79607
1.26335
2.99379
3.83645
2.1144
0.942554
6.81983
3.0789
4.32042
4.93392
1.71381
5.49002
10.0002
3.39144
0.559219
3.62668
6.12801
0.963175
0.842408
3.47793
1.69562
2.52447
7.43425
1.45975
4.81911
5.66363
2.9876
0.698439
1.68306
1.42289
0.887462
3.25985
1.89388
5.70226
0.95334
2.58837
1.01153
2.37914
4.61836
3.57004
1.69777
8.55616
3.25747
2.20203
1.87401
3.03668
3.20338
5.23954
4.40972
6.35841
3.72817
1.56409
8.14532
10.1055
5.30176
2.73477
1.17489
4.0795
7.33
2.92953
5.02981
7.43798
5.07822
2.69033
9.25462
3.85925
0.576998
2.09668
5.71806
7.63247
0.201656
0.833735
2.13897
4.0663
5.63544
0.543137
0.941047
2.67367
0.511809
13.4486
2.19433
1.74047
7.9097
1.75637
0.212658
2.3431
4.43944
3.39728
4.35045
9.2615
2.56794
4.00186
6.09532
1.05862
3.59245
3.36538
3.29019
4.16594
3.35682
2.57656
0.501145
0.352491
1.62968
4.18492
5.60969
3.46727
1.11365
3.12572
3.25527
3.76199
1.46322
8.11162
9.82271
2.42761
0.190435
1.99027
2.67364
9.7322
1.7101
3.84039
0.660731
7.61692
8.4121
5.91652
4.34347
5.25545
0.32524
5.65259
2.42885
1.25981
3.0937
1.36721
3.62986
1.82448
1.35887
3.62101
4.69406
2.55501
1.15207
1.69856
6.4442
1.27973
1.92723
1.40211
2.04681
0.651906
3.98945
7.32302
2.32949
2.52521
1.95348
1.29399
2.4179
1.29456
4.00197
3.60078
5.9276
2.3773
3.81654
0.458412
1.64493
5.39706
8.68682
7.26229
3.57843
1.78914
3.4987
2.74528
0.523583
5.08085
4.09463
1.23874
2.0982
4.85555
10.3955
5.51466
0.185654
2.60341
1.31211
5.55557
2.78047
0.850998
1.81321
2.45118
3.95093
3.59803
5.07058
3.77541
4.02136
2.86037
1.25958
2.77549
1.3216
7.61388
6.98708
3.57207
1.658
2.42453
2.85452
4.52653
7.02688
0.83757
8.08367
3.99965
2.85174
1.77843
3.07167
12.5939
3.10185
1.6212
0.822924
8.69933
3.28494
0.531931
7.39031
1.46561
7.40384
2.43966
2.54629
1.96442
2.04617
1.15747
5.55624
4.15072
4.20842
8.1341
2.84684
3.74985
4.51953
0.441407
12.5982
3.96313
5.24776
1.32615
1.1488
5.05482
9.00145
3.6945
6.53816
6.20713
4.86899
6.48882
2.34524
4.90812
2.85719
3.45869
2.47091
3.07505
4.24111
1.16674
8.06517
13.228
4.937
4.16347
1.73336
3.00731
2.09056
2.77111
2.5275
3.82263
0.694917
4.6314
2.71299
0.938079
8.27883
0.804007
2.99157
6.72989
3.66181
1.592
0.880304
10.2591
5.72349
4.84314
4.54935
7.20239
0.279743
2.0612
3.63752
1.69031
0.638213
3.7605
10.3193
0.641329
2.99836
3.99535
9.87814
2.44371
3.7436
5.9853
3.27269
2.76893
6.00103
4.8815
6.11662
2.54651
3.3371
1.42389
1.26635
0.856633
1.52411
3.55588
6.67448
0.815274
10.1004
7.3247
5.95656
3.0668
6.60754
8.94743
6.70365
1.2724
0.779753
1.54725
10.1117
1.4226
16.0019
2.64468
5.01003
3.36506
2.7154
3.75506
3.85668
4.23163
2.97439
1.00563
1.6641
4.2277
4.04722
2.79304
0.241026
0.312088
4.96799
1.84551
0.77177
5.04185
0.938179
0.673154
10.2256
8.24344
5.37563
2.86711
3.39308
2.95736
1.9033
3.89857
3.40358
2.505
2.74221
1.20698
1.74537
5.88377
7.17094
0.833876
3.7527
0.919839
0.374235
2.4705
1.97105
1.96766
2.72514
0.150569
5.92127
5.88058
8.03082
9.82619
1.44035
2.88191
5.55485
0.509374
5.08566
1.28623
3.84657
1.14791
1.08974
6.24457
5.65834
0.0765689
9.02793
4.67802
10.7588
2.03005
12.0643
5.48645
10.3651
0.651127
1.4277
10.222
0.678528
4.42587
5.41637
4.60414
2.57235
3.11468
1.1561
6.26121
1.83599
4.33184
2.451
7.991
4.73278
0.567965
2.81014
4.24332
3.31982
1.11979
2.36867
2.99701
6.02882
9.08253
3.03732
1.99419
3.7298
5.86134
1.65085
5.90637
5.31398
3.99891
8.50441
1.12655
2.0461
2.02899
7.74874
1.0809
1.99489
3.17194
2.85247
5.53266
4.90663
2.71413
2.77255
3.82067
14.7891
2.50638
7.30797
7.26866
2.69201
7.07726
3.03134
1.99785
2.23427
6.02338
7.85791
2.97138
3.78271
4.18784
1.65704
0.290282
6.50207
5.69851
5.64883
1.78152
7.91175
4.18204
5.55041
0.562865
5.43479
3.82459
3.39734
3.70309
2.19936
3.16001
5.21932
3.57325
2.48486
1.05623
3.68715
4.47074
2.72006
1.96098
6.78791
4.39146
1.43029
1.84662
0.643708
2.35101
10.574
2.92722
4.59065
8.91209
9.37906
3.50255
8.41685
2.36996
7.45216
1.49596
4.81283
3.34615
3.61881
6.67125
4.66844
8.14507
3.52707
5.19599
3.9392
6.96921
3.52254
2.97016
3.10851
6.91848
8.06403
5.83399
4.66242
5.2608
5.39148
2.01717
4.29688
1.97293
3.15076
3.32597
1.1351
1.61715
5.09348
3.49531
8.45929
6.12896
8.70373
6.27028
1.18694
5.90226
3.61256
8.90904
3.01966
3.08115
3.34529
7.79337
5.29704
2.37852
3.42691
1.58816
3.40881
6.70327
2.07488
5.74572
2.90677
1.85087
1.50938
1.44147
1.00595
8.26623
1.25185
3.6842
1.45619
2.35982
2.23741
3.10613
5.16015
3.21329
5.01815
4.3007
1.71819
1.55463
0.387939
10.3006
3.59616
5.29109
2.73739
1.34293
6.55861
2.68904
11.6616
0.598629
5.224
2.23809
3.68064
6.79159
5.64162
4.77548
4.34373
7.68043
1.42253
2.16121
3.75915
0.930389
4.67344
5.31106
4.36759
3.75809
3.4521
4.15772
2.51507
1.15641
1.98676
5.193
1.935
3.35265
8.17036
4.98622
3.44203
3.22382
1.63467
5.85047
0.989946
17.5574
2.82237
2.23142
4.34275
5.68009
2.98997
3.09999
4.08872
3.01052
1.98226
7.47492
1.84064
2.74326
3.56288
1.59273
5.80479
4.81087
3.92563
8.7154
10.8817
6.4739
8.0362
6.4354
0.695975
2.67613
0.951612
5.93288
3.75991
3.3634
6.51285
3.90887
2.19205
2.19013
2.50591
2.75524
3.09178
15.633
2.48471
1.82682
2.04529
15.3769
6.14625
10.4495
1.80508
0.399139
5.44242
2.97628
6.02924
4.41206
3.65558
1.77137
1.07761
12.094
4.07299
1.69379
5.76185
3.77575
3.17043
3.22185
8.28229
8.3359
4.26916
2.53582
2.81183
2.33184
4.23953
2.64654
4.25987
4.61086
5.52217
1.75647
0.654414
5.40146
2.99983
2.28764
6.75309
6.75969
4.28267
3.37109
2.10959
6.25871
2.00821
1.76088
3.7433
4.10237
3.29487
3.51063
3.13621
7.94468
2.48675
6.67028
4.57476
3.32668
4.85633
9.86343
6.03225
1.5349
1.71531
3.71004
2.52532
7.17771
9.39105
0.511729
6.06983
3.11594
3.49134
1.46635
1.10311
9.56674
1.3226
3.88303
3.94346
4.91966
3.97457
5.15646
1.86271
1.33042
1.69977
2.74805
4.72316
1.21277
2.79823
8.46049
1.3562
0.998764
0.318965
4.8873
1.92457
5.95978
4.56743
1.82061
5.31039
2.70513
3.25066
8.34213
0.528413
1.29549
1.51029
2.11955
5.89808
2.53092
0.73361
4.4691
4.89391
9.74987
5.01683
1.47004
7.45552
6.8767
4.29821
0.126403
6.39566
3.9403
11.8316
6.15791
3.9805
3.30246
0.566586
6.62402
2.48536
1.39464
7.76088
9.60909
9.63368
2.56983
4.34152
5.42164
3.2937
1.73997
1.04568
5.45018
3.58853
2.49395
8.80802
3.42557
4.4031
1.93314
6.64353
2.87556
1.63538
1.71057
2.11614
1.86536
9.60868
15.8126
6.06114
13.5106
3.35617
0.639627
2.75343
7.84189
0.211513
1.24136
4.96429
1.67657
5.71794
0.315468
1.37485
4.91119
3.96343
2.97405
5.71904
16.1194
0.272552
2.87171
4.83719
2.23018
4.09878
10.0249
4.2065
3.69571
4.69908
2.69989
9.37016
7.69086
1.24026
7.39909
0.399913
2.71183
4.89951
1.56405
2.97877
12.9869
4.38547
1.49104
7.45659
5.30746
1.22492
1.21302
1.92948
2.87621
0.345458
1.37578
3.75905
5.18264
0.769843
1.56871
2.20394
11.8486
2.96281
1.21925
2.67712
3.83405
7.08738
2.93462
3.63498
13.1576
3.13345
13.7539
11.2474
0.177087
5.19875
5.21898
3.27847
3.49469
1.7755
8.76038
5.96173
3.43606
2.487
2.25959
5.67501
4.42765
1.9059
2.53842
5.93715
2.32185
4.26552
7.3009
3.84337
5.5979
4.35352
7.95112
7.10991
8.77167
7.29084
1.45342
0.412487
0.851877
0.655987
5.65396
0.48943
0.822988
3.51933
3.3971
4.78199
5.17145
7.05727
3.19714
1.62658
5.12827
0.715512
0.671616
1.36343
2.13784
2.74933
5.27104
4.61839
4.18049
6.0141
1.68623
2.06044
7.07236
0.677493
4.05581
1.88852
4.25022
5.38363
7.16639
9.93345
2.63887
8.82268
1.36376
5.51875
4.16697
8.05794
4.93805
3.77929
6.27948
3.06096
1.14692
1.76802
1.54309
2.16427
5.10941
2.02294
2.82748
3.06361
0.872309
2.15082
8.87161
0.933546
5.18843
0.874175
11.1599
1.74048
3.44634
4.23565
5.27987
1.46239
3.23829
9.16323
11.4529
3.05288
2.54336
0.899676
3.18332
2.18549
4.18732
2.94247
1.08137
10.6919
7.90063
3.5292
11.0044
1.739
0.48431
5.93198
2.9139
3.85157
1.40458
2.79657
0.561204
4.00773
3.62986
13.5547
4.22345
1.29741
3.36031
0.983192
9.82331
1.84634
2.87008
7.56677
9.12718
4.85997
2.24534
1.41565
4.50865
1.85415
2.51123
3.66601
6.44964
4.51136
5.77765
4.04343
8.09768
3.35296
2.9108
3.46115
2.54288
3.37632
2.02363
2.185
3.01886
5.70903
5.48236
2.53507
11.0804
0.765134
2.05189
4.4465
7.33613
1.44033
8.39683
7.08899
4.12787
4.925
3.57738
6.11166
1.66613
8.77188
1.16283
5.33154
0.867986
6.96475
6.48079
5.71568
1.69543
4.1442
2.95574
5.98833
13.0353
4.40298
1.34086
1.5834
3.45238
1.9959
4.29664
3.67435
3.40907
7.08149
2.32194
4.62863
3.34559
7.70291
1.01059
5.76286
7.67048
1.12778
6.44797
7.71814
6.38086
3.52381
2.66969
2.1592
1.58795
13.504
4.41588
6.57891
4.54809
2.73421
2.76288
10.178
2.0702
1.32648
2.06004
1.55488
3.78793
1.946
2.22016
6.44974
4.08328
2.37144
5.48406
7.25709
6.20147
4.25977
6.87186
2.98973
2.25386
1.43658
6.21692
1.43709
1.40537
4.52918
8.6883
1.91601
5.11288
2.77841
6.55486
2.67491
4.73486
3.25984
6.85991
3.86481
1.69954
2.25325
6.31153
1.49439
2.63789
1.19315
2.90993
3.05883
3.69704
2.08894
4.68921
2.56317
2.10331
3.35333
3.69739
2.05647
2.95433
3.07594
4.74378
3.51582
2.06641
13.0766
5.79201
1.59262
4.72412
2.11255
2.74809
0.77673
2.7008
10.2331
3.27548
2.80605
0.996344
5.5884
8.22892
1.86773
1.19413
2.45561
6.78541
1.12684
5.47982
1.17194
3.18831
12.0827
5.55688
3.65719
6.83032
4.39271
3.3143
5.46746
1.21646
8.94891
3.90021
5.47186
6.57503
8.32354
2.98469
4.62401
6.32535
14.7247
1.02352
2.62967
0.464565
3.65752
2.79908
7.48543
8.31007
8.78656
4.54965
4.04617
4.39979
2.75008
3.24786
1.59794
1.47567
5.64872
1.33741
9.55662
6.63957
1.52228
9.35808
8.27178
8.73126
0.800029
1.99211
2.81209
5.27142
3.13942
2.73826
6.59008
7.67638
3.42807
4.11779
6.23447
0.974962
3.01476
5.52665
8.67
4.15365
2.66472
2.07519
7.72628
5.47743
3.06105
5.22498
2.4227
0.496271
2.12766
0.748511
0.94032
7.59362
2.78959
10.3144
3.56724
2.94287
2.27962
1.55383
2.53119
2.52519
5.03241
2.26982
4.7146
3.00664
3.00776
4.52326
2.04146
3.60715
7.39312
1.22716
3.41473
2.43237
0.912255
7.43158
1.39239
0.801687
2.58443
3.31864
1.35871
2.47302
12.2905
7.41285
4.85814
2.92303
13.5885
4.96923
2.53131
0.57785
6.69095
1.28263
0.311671
3.97459
1.73233
7.23624
3.70724
3.92035
4.96233
0.155857
4.28374
2.25112
5.0632
5.22148
4.33314
2.06954
11.0854
5.00279
1.55272
0.440195
2.30836
4.86466
4.64854
2.38803
0.970771
7.40171
3.90366
4.47478
4.78675
3.35119
2.9071
7.62947
3.74556
2.11503
2.70795
8.49255
4.98732
3.27323
4.40578
3.33088
2.7939
3.17918
1.12179
7.76605
2.86148
2.20637
4.09821
2.0217
8.87793
3.69457
5.14207
1.36795
11.6734
0.283568
3.67772
0.808542
8.47213
2.47937
2.58449
6.36519
2.70608
1.29599
1.72729
4.16619
1.99563
8.31519
3.24161
0.971381
2.31208
4.24758
0.68413
2.88164
2.37202
5.45502
0.438916
2.85218
3.60838
1.63334
1.77103
7.7127
2.79986
9.72147
3.4349
2.4238
3.99151
7.33395
4.31647
6.01638
0.55259
9.68506
1.65703
7.5089
3.78223
1.9419
3.64853
2.33785
3.00835
7.34006
1.55659
0.806981
4.82368
0.96349
4.63521
2.73174
4.8324
1.23979
2.42207
0.478114
9.50805
1.01493
1.59059
2.6092
0.892764
4.65933
1.35386
1.38596
0.676153
3.31521
1.92761
0.416433
1.01332
1.14979
2.09416
2.11436
9.57939
0.592521
11.5512
3.54669
2.33091
0.205115
3.99069
4.61849
4.9405
0.115991
2.90411
1.67962
2.11187
3.23861
2.97574
2.72748
1.39363
8.31411
2.2725
2.91128
2.61815
2.60341
2.89558
5.76444
5.22341
3.86911
1.055
6.78455
5.24768
1.48191
1.22709
4.25725
1.91715
4.02902
2.98256
3.22851
1.3989
7.48252
5.50625
1.90452
6.88109
0.962086
3.20643
2.99759
1.85557
2.19519
1.14817
4.57671
4.37743
4.18568
0.802196
5.57382
1.48959
0.965849
2.34748
2.37643
1.38263
4.13879
2.61919
5.97713
4.97797
1.88337
5.6635
3.92862
3.99533
0.650908
7.07549
5.39959
4.38784
8.86459
7.99093
5.7517
1.16716
5.64623
2.58524
3.00214
1.98341
10.5922
3.47761
5.99305
4.81684
4.76443
4.20025
0.648514
8.10589
9.75958
6.53156
2.35595
5.02556
3.22334
5.88721
0.625139
9.26589
1.45426
6.94912
8.80175
0.359775
5.07729
2.12023
2.13607
3.1607
3.24337
1.59992
0.506286
5.0911
9.29436
1.76061
5.9466
0.906255
2.85751
2.58586
3.2731
4.22473
1.90898
2.62835
9.61826
6.03643
5.82353
6.65735
3.69342
4.14629
1.95375
1.43344
2.85915
2.09298
3.14917
2.57749
1.79794
2.73703
1.83189
3.5457
3.3516
7.44749
0.556532
2.08814
1.2197
5.51351
4.14496
1.87502
10.3908
2.61761
2.05025
4.90738
3.67772
2.11795
2.71678
5.18914
0.188896
1.44433
4.67387
8.12785
9.13568
4.82237
6.76558
1.83519
3.84844
2.32969
5.94124
9.24131
2.06073
2.03525
3.33389
1.94782
1.36943
4.15887
8.13076
2.52065
8.02604
4.93792
5.70262
0.164775
4.3925
1.7841
2.21384
1.16325
2.09463
2.86818
0.668813
6.33693
5.74231
1.94929
1.24693
3.76103
2.83384
4.35093
3.8229
3.56698
2.84625
3.55764
1.61749
3.73743
3.87531
4.9527
4.81265
1.65314
6.82173
3.61307
0.547811
2.52743
5.13554
1.224
1.1516
7.95594
0.863457
4.54927
1.92911
1.71509
7.25151
1.83682
10.0368
4.8524
6.25741
4.79825
4.74779
5.68498
0.749245
2.5162
1.85311
7.87679
3.0107
1.38388
1.96822
11.318
2.27306
2.28898
1.92922
3.14337
6.33192
1.97403
0.304186
0.69501
2.40889
6.19673
1.13072
6.27944
7.81193
19.4502
5.80659
2.40477
2.13946
1.65452
0.238711
2.99983
4.11186
2.85743
0.93537
2.45513
1.59625
5.90792
4.11488
4.28635
2.01161
1.44597
3.62267
1.74084
4.50446
3.16829
2.1889
4.94324
2.61648
6.12157
0.329709
7.30659
6.42055
7.4634
7.68131
4.16015
3.59855
3.76107
5.35986
4.03943
3.98621
3.56158
3.37628
0.526376
4.42256
4.077
1.72535
4.6233
6.21009
8.43372
2.53876
1.85484
0.82128
2.15217
7.38236
9.34431
5.8252
2.21515
12.9984
3.11483
6.01391
4.09039
3.16056
9.16192
3.23037
3.50775
1.468
10.0666
0.305217
2.41231
4.57814
0.324906
0.386017
6.97327
3.00475
7.02123
6.02484
2.39827
2.09102
1.62517
1.51119
0.500838
1.66997
1.80897
1.75223
2.9826
1.60162
3.72476
1.35125
2.837
6.40822
4.22779
2.52699
5.474
3.21233
1.33117
6.64394
4.70697
6.45657
2.71895
0.701844
4.42531
4.0517
3.64317
7.90253
5.52342
4.25722
1.35175
1.3899
6.82153
4.13017
2.16561
6.61308
5.30766
1.53917
6.1874
5.50337
1.83497
3.95089
1.36064
4.29779
1.24334
1.93932
0.644163
7.07517
0.546226
0.72102
1.89974
3.22046
4.24394
2.59416
2.31047
1.67273
3.75082
6.49453
3.15186
6.58793
2.4201
0.896731
3.58139
7.22199
5.75681
2.12903
0.8873
7.25502
2.27365
0.61885
1.55143
1.72686
2.48493
1.50809
4.43159
1.21099
2.94475
1.00154
6.82484
2.10282
2.21623
7.14989
8.78244
2.22135
2.6673
1.44434
4.35346
1.46892
3.47113
1.99618
6.76824
4.54751
9.0486
0.748322
6.12677
6.62926
0.989147
6.52917
2.2454
2.60885
5.432
4.53591
1.5156
6.21812
7.85997
6.54604
3.2289
7.24183
3.76428
6.24943
1.79851
6.98551
2.70723
3.97385
3.63362
4.46591
2.87818
3.36261
5.68013
3.94359
0.275537
2.68239
2.03988
3.1733
5.45516
5.08314
0.148355
10.7435
0.608339
11.3195
3.34895
2.52386
1.3368
0.0932298
4.09073
7.04551
8.74572
5.79373
1.55701
2.09454
3.59716
1.55342
0.806496
1.18369
5.43133
2.53614
4.15724
4.22696
0.883377
1.13762
2.41484
3.21933
2.68304
3.24299
3.69095
2.31254
7.20988
2.92054
0.835326
1.0835
1.61153
3.03399
2.33789
2.09499
4.14187
5.84041
2.6995
1.66529
6.66463
0.870649
3.80358
6.52041
3.76506
2.61418
8.04485
4.36779
1.95015
3.1933
6.34636
3.1898
18.3435
2.06777
1.5433
3.06224
6.16147
7.64471
3.34534
1.53617
2.09724
3.09717
9.49931
0.86223
7.13066
2.98034
4.5222
0.294357
10.8524
1.61123
6.60932
4.41974
10.6359
1.74934
0.313166
0.791047
4.63651
10.7972
14.315
4.96947
0.858424
2.86186
2.32966
1.2353
7.27699
5.8581
1.47312
1.87296
1.51912
4.71135
6.63702
9.95483
3.25115
4.11428
0.867669
2.58869
1.63511
4.42191
6.5268
5.75521
6.31232
4.89804
7.25498
1.28352
2.22469
4.98759
5.15133
2.38863
1.34221
7.36352
6.78973
2.43983
3.63153
0.19871
2.38287
3.6056
4.23348
7.00742
4.4736
3.4576
3.68076
6.98038
2.45284
4.41148
4.17785
2.54583
2.98938
0.320074
3.99954
3.00476
0.804367
2.25981
8.66445
4.94999
